


podesavanje u gui za duzine svetlenja LED
u GUI - podesavanje dioda detaljnije, gasenje te funcije (kao sto je bilo dugme da se ulazi ugase) - ovo za svaku posebno - gotovo
kada se pritisne na labelu da zasvetli (kao test) -gotovo
jacina pod - gotovo
kad se menja pot - plava dioda menja jacinu (samo dok se vrti pot) - gotovo

u GUI - custom boje?? - gotovo

sada sam napravio metodu koja se porece svaki put kada se ocita vrednost sa serijskog porta
ona ce mozda morati u novi tred zajedno sa funcijom za ocitavanje, ako gui bude previse lagovao - ne


tips: koristi section, contains za stringove



primer kako cita:
Procitan string:  "0,0,0,0,0,0,0|100\r\n0,0,0,0,0,0,0|100\r\n0,0,0,0,0,0,0|100\r\n"
Procitan string:  "0"
Procitan string:  ",0,0,0,0,0,0|10"
Procitan string:  "0\r\n"
Procitan string:  "0"
Procitan string:  ",0,0,0,0,0,0|100\r\n"
Procitan string:  "0"
Procitan string:  ",0,0,0,0,0,0|100\r\n"
Procitan string:  "0"
Procitan string:  ",0,0,0,0,0,0|"
Procitan string:  "100\r\n"
Procitan string:  "0"
Procitan string:  ",0,0,0,0,0,0|100\r\n"
Procitan string:  "0"
Procitan string:  ",0,0,0,0,0,0|100\r\n"
Procitan string:  "0"
Procitan string:  ",0,0,0,0,0,0|100\r\n"
Procitan string:  "0"
Procitan string:  ",0,0,0,0,0,0|100\r"
Procitan string:  "\n"
Procitan string:  "0"
Procitan string:  ",0,0,0,0,0,0|100\r\n"
Procitan string:  "0"
Procitan string:  ",0,0,0,0,0,0|100\r\n"
Procitan string:  "0"
Procitan string:  ",0,0,0,0,0,0|10"
Procitan string:  "0\r\n"


na ovom je pukao: - gotovo

serialBuffer:  "0\r\n0,0,0,0,0,0,0|100\r\n0,0,0,0,0,0,0|100\r\n0,0,0,0,0,0,0|100\r\n0,0,0,0,0,0,0|100\r\n0,0,0,0,0,0,0|100\r\n0,0,0,0,0,0,0|100\r\n0,0,0,0,0,0,0|100\r\n0,0,0,0,0,0,0|100\r\n0,0,0,0,0,0,0|100\r\n0,0,0,0,0,0,0|100\r\n0,0,0,0,0,0,0|100\r\n0,0,0,0,0,0,0|100\r\n0,0,0,0,0,0,0|100\r\n0,0,0,0,0,0,0|100\r\n0,0,0,0,0,0,0|100\r\n0,0,0,0,0,0,0|100\r\n0,0,0,0,0,0,0|100\r\n0,0,0,0,0,0,0|100\r\n0,0,0,0,0,0,0|100\r\n0,0,0,0,0,0,0|100\r\n0,0,0,0,0,0,0|100\r\n0,0,0,0,0,0,0|100\r\n0,0,0,0,0,0,0|100\r\n0,0,0,0,0,0,0|100\r\n0,0,0,0,0,0,0|100\r\n0,0,0,0,0,0,0|100\r\n0,0,0,0,0,0,0|100\r\n0,0,0,0,0,0,0|100\r\n0,0,0,0,0,0,0|100\r\n0,0,0,0,0,0,0|100\r\n0,0,0,0,0,0,0|100\r\n0,0,0,0,0,0,0|100\r\n0,0,0,0,0,0,0|100\r\n0,0,0,0,0,0,0|100\r\n0,0,0,0,0,0,0|100\r\n0,0,0,0,0,0,0|100\r\n0,0,0,0,0,0,0|100\r\n0,0,0,0,0,0,0|100\r\n0,0,0,0,0,0,0|100\r\n0,0,0,0,0,0,0|100\r\n0,0,0,0,0,0,0|100\r\n0,0,0,0,0,0,0|100\r\n0,0,0,0,0,0,0|100\r\n0,0,0,0,0,0,0|100\r\n0,0,0,0,0,0,0|100\r\n0,0,0,0,0,0,0|100\r\n0,0,0,0,0,0,0|100\r\n0,0,0,0,0,0,0|100\r\n0,0,0,0,0,0,0|100\r\n0,0,0,0,0,0,0|100\r\n0,0,0,0,0,0,0|100\r\n0,0,0,0,0,0,0|100\r\n0,0,0,0,0,0,0|100\r\n0,0,0,0,0,0,0|100\r\n0,0,0,0,0,0,0|100\r\n0,0,0,0,0,0,0|100\r\n0,0,0,0,0,0,0|100\r\n0,0,0,0,0,0,0|100\r\n0,0,0,0,0,0,0|100\r\n0,0,0,0,0,0,0|100\r\n0,0,0,0,0,0,0|100\r\n0,0,0,0,0,0,0|100\r\n0,0,0,0,0,0,0|100\r\n0,0,0,0,0,0,0|100\r\n0,0,0,0,0,0,0|100\r\n0,0,0,0,0,0,0|100\r\n0,0,0,0,0,0,0|100\r\n0,0,0,0,0,0,0|100\r\n0,0,0,0,0,0,0|100\r\n0,0,0,0,0,0,0|100\r\n0,0,0,0,0,0,0|100\r\n0,0,0,0,0,0,0|100\r\n0,0,0,0,0,0,0|100\r\n0,0,0,0,0,0,0|100\r\n0,0,0,0,0,0,0|100\r\n0,0,0,0,0,0,0|100\r\n0,0,0,0,0,0,0|100\r\n0,0,0,0,0,0,0|100\r\n0,0,0,0,0,0,0|100\r\n0,0,0,0,0,0,0|100\r\n0,0,0,0,0,0,0|100\r\n0,0,0,0,0,0,0|100\r\n0,0,0,0,0,0,0|100\r\n0,0,0,0,0,0,0|100\r\n0,0,0,0,0,0,0|100\r\n0,0,0,0,0,0,0|100\r\n0,0,0,0,0,0,0|100\r\n0,0,0,0,0,0,0|100\r\n0,0,0,0,0,0,0|100\r\n0,0,0,0,0,0,0|100\r\n0,0,0,0,0,0,0|100\r\n0,0,0,0,0,0,0|100\r\n0,0,0,0,0,0,0|100\r\n0,0,0,0,0,0,0|100\r\n0,0,0,0,0,0,0|100\r\n0,0,0,0,0,0,0|100\r\n0,0,0,0,0,0,0|100\r\n0,0,0,0,0,0,0|100\r\n0,0,0,0,0,0,0|100\r\n0,0,0,0,0,0,0|100\r\n0,0,0,0,0,0,0|100\r\n0,0,0,0,0,0,0|100\r\n0,0,0,0,0,0,0|100\r\n0,0,0,0,0,0,0|100\r\n0,0,0,0,0,0,0|100\r\n0,0,0,0,0,0,0|100\r\n0,0,0,0,0,0,0|100\r\n0,0,0,0,0,0,0|100\r\n0,0,0,0,0,0,0|100\r\n0,0,0,0,0,0,0|100\r\n0,0,0,0,0,0,0|100\r\n0,0,0,0,0,0,0|100\r\n0,0,0,0,0,0,0|100\r\n0,0,0,0,0,0,0|100\r\n0,0,0,0,0,0,0|100\r\n0,0,0,0,0,0,0|100\r\n0,0,0,0,0,0,0|100\r\n0,0,0,0,0,0,0|100\r\n0,0,0,0,0,0,0|100\r\n0,0,0,0,0,0,0|100\r\n0,0,0,0,0,0,0|100\r\n0,0,0,0,0,0,0|100\r\n0,0,0,0,0,0,0|100\r\n0,0,0,0,0,0,0|100\r\n0,0,0,0,0,0,0|100\r\n0,0,0,0,0,0,0|100\r\n0,0,0,0,0,0,0|100\r\n0,0,0,0,0,0,0|100\r\n0,0,0,0,0,0,0|100\r\n0,0,0,0,0,0,0|100\r\n0,0,0,0,0,0,0|100\r\n0,0,0,0,0,0,0|100\r\n0,0,0,0,0,0,0|100\r\n0,0,0,0,0,0,0|100\r\n0,0,0,0,0,0,0|100\r\n0,0,0,0,0,0,0|100\r\n0,0,0,0,0,0,0|100\r\n0,0,0,0,0,0,0|100\r\n0,0,0,0,0,0,0|100\r\n0,0,0,0,0,0,0|100\r\n0,0,0,0,0,0,0|100\r\n0,0,0,0,0,0,0|100\r\n0,0,0,0,0,0,0|100\r\n0,0,0,0,0,0,0|100\r\n0,0,0,0,0,0,0|100\r\n0,0,0,0,0,0,0|100\r\n0,0,0,0,0,0,0|100\r\n0,0,0,0,0,0,0|100\r\n0,0,0,0,0,0,0|100\r\n0,0,0,0,0,0,0|100\r\n0,0,0,0,0,0,0|100\r\n0,0,0,0,0,0,0|100\r\n0,0,0,0,0,0,0|100\r\n0,0,0,0,0,0,0|100\r\n0,0,0,0,0,0,0|100\r\n0,0,0,0,0,0,0|100\r\n0,0,0,0,0,0,0|100\r\n0,0,0,0,0,0,0|100\r\n0,0,0,0,0,0,0|100\r\n0,0,0,0,0,0,0|100\r\n0,0,0,0,0,0,0|100\r\n0,0,0,0,0,0,0|100\r\n0,0,0,0,0,0,0|100\r\n0,0,0,0,0,0,0|100\r\n0,0,0,0,0,0,0|100\r\n0,0,0,0,0,0,0|100\r\n0,0,0,0,0,0,0|100\r\n0,0,0,0,0,0,0|100\r\n0,0,0,0,0,0,0|100\r\n0,0,0,0,0,0,0|100\r\n0,0,0,0,0,0,0|100\r\n0,0,0,0,0,0,0|100\r\n0,0,0,0,0,0,0|100\r\n0,0,0,0,0,0,0|100\r\n0,0,0,0,0,0,0|100\r\n0,0,0,0,0,0,0|100\r\n0,0,0,0,0,0,0|100\r\n0,0,0,0,0,0,0|100\r\n0,0,0,0,0,0,0|100\r\n0,0,0,0,0,0,0|100\r\n0,0,0,0,0,0,0|100\r\n0,0,0,0,0,0,0|100\r\n0,0,0,0,0,0,0|100\r\n0,0,0,0,0,0,0|100\r\n0,0,0,0,0,0,0|100\r\n0,0,0,0,0,0,0|100\r\n0,0,0,0,0,0,0|100\r\n0,0,0,0,0,0,0|100\r\n0,0,0,0,0,0,0|100\r\n0,0,0,0,0,0,0|100\r\n0,0,0,0,0,0,0|100\r\n0,0,0,0,0,0,0|100\r\n0,0,0,0,0,0,0|100\r\n0,0,0,0,0,0,0|100\r\n0,0,0,0,0,0,0|100\r\n0,0,0,0,0,0,0|100\r\n0,0,0,0,0,0,0|100\r\n0,0,0,0,0,0,0|100\r\n0,0,0,0,0,0,0|100\r\n0,0,0,0,0,0,0|100\r\n0,0,0,0,0,0,0|100\r\n0,0,0,0,0,0,0|100\r\n0,0,0,0,0,0,0|100\r\n0,0,0,0,0,0,0|100\r\n0,0,0,0,0,0,0|100\r\n0,0,0,0,0,0,0|100\r\n0,0,0,0,0,0,0|100\r\n0,0,0,0,0,0,0|100\r\n0,0,0,0,0,0,0|100\r\n0,0,0,0,0,0,0|100\r\n0,0,0,0,0,0,0|100\r\n0,0,0,0,0,0,0|100\r\n0,0,0,0,0,0,0|100\r\n0,0,0,0,0,0,0|100\r\n0,0,0,0,0,0,0|100\r\n0,0,0,0,0,0,0|100\r\n0,0,0,0,0,0,0|100\r\n0,0,0,0,0,0,0|100\r\n0,0,0,0,0,0,0|100\r\n0,0,0,0,0,0,0|100\r\n0,0,0,0,0,0,0|100\r\n0,0,0,0,0,0,0|100\r\n0,0,0,0,0,0,0|100\r\n0,0,0,0,0,0,0|100\r\n0,0,0,0,0,0,0|100\r\n0,0,0,0,0,0,0|100\r\n0,0,0,0,0,0,0|100\r\n0,0,0,0,0,0,0|100\r\n0,0,0,0,0,0,0|100\r\n0,0,0,0,0,0,0|100\r\n0,0,0,0,0,0,0|100\r\n0,0,0,0,0,0,0|100\r\n0,0,0,0,0,0,0|100\r\n0,0,0,0,0,0,0|100\r\n0,0,0,0,0,0,0|100\r\n0,0,0,0,0,0,0|100\r\n0,0,0,0,0,0,0|100\r\n0,0,0,0,0,0,0|100\r\n0,0,0,0,0,0,0|100\r\n0,0,0,0,0,0,0|100\r\n0,0,0,0,0,0,0|100\r\n0,0,0,0,0,0,0|100\r\n0,0,0,0,0,0,0|100\r\n0,0,0,0,0,0,0|100\r\n0,0,0,0,0,0,0|100\r\n0,0,0,0,0,0,0|100\r\n0,0,0,0,0,0,0|100\r\n0,0,0,0,0,0,0|100\r\n0,0,0,0,0,0,0|100\r\n0,0,0,0,0,0,0|100\r\n0,0,0,0,0,0,0|100\r\n0,0,0,0,0,0,0|100\r\n0,0,0,0,0,0,0|100\r\n0,0,0,0,0,0,0|100\r\n0,0,0,0,0,0,0|100\r\n0,0,0,0,0,0,0|100\r\n0,0,0,0,0,0,0|100\r\n0,0,0,0,0,0,0|100\r\n0,0,0,0,0,0,0|100\r\n0,0,0,0,0,0,0|100\r\n0,0,0,0,0,0,0|100\r\n0,0,0,0,0,0,0|100\r\n0,0,0,0,0,0,0|100\r\n0,0,0,0,0,0,0|100\r\n0,0,0,0,0,0,0|100\r\n0,0,0,0,0,0,0|100\r\n0,0,0,0,0,0,0|100\r\n0,0,0,0,0,0,0|100\r\n0,0,0,0,0,0,0|100\r\n0,0,0,0,0,0,0|100\r\n0,0,0,0,0,0,0|100\r\n0,0,0,0,0,0,0|100\r\n0,0,0,0,0,0,0|100\r\n0,0,0,0,0,0,0|100\r\n0,0,0,0,0,0,0|100\r\n0,0,0,0,0,0,0|100\r\n0,0,0,0,0,0,0|100\r\n0,0,0,0,0,0,0|100\r\n0,0,0,0,0,0,0|100\r\n0,0,0,0,0,0,0|100\r\n0,0,0,0,0,0,0|100\r\n0,0,0,0,0,0,0|100\r\n0,0,0,0,0,0,0|100\r\n0,0,0,0,0,0,0|100\r\n0,0,0,0,0,0,0|100\r\n0,0,0,0,0,0,0|100\r\n0,0,0,0,0,0,0|100\r\n0,0,0,0,0,0,0|100\r\n0,0,0,0,0,0,0|100\r\n0,0,0,0,0,0,0|100\r\n0,0,0,0,0,0,0|100\r\n0,0,0,0,0,0,0|100\r\n0,0,0,0,0,0,0|100\r\n0,0,0,0,0,0,0|100\r\n0,0,0,0,0,0,0|100\r\n0,0,0,0,0,0,0|100\r\n0,0,0,0,0,0,0|100\r\n0,0,0,0,0,0,0|100\r\n0,0,0,0,0,0,0|100\r\n0,0,0,0,0,0,0|100\r\n0,0,0,0,0,0,0|100\r\n0,0,0,0,0,0,0|100\r\n0,0,0,0,0,0,0|100\r\n0,0,0,0,0,0,0|100\r\n0,0,0,0,0,0,0|100\r\n0,0,0,0,0,0,0|100\r\n0,0,0,0,0,0,0|100\r\n0,0,0,0,0,0,0|100\r\n0,0,0,0,0,0,0|100\r\n0,0,0,0,0,0,0|100\r\n0,0,0,0,0,0,0|100\r\n0,0,0,0,0,0,0|100\r\n0,0,0,0,0,0,0|100\r\n0,0,0,0,0,0,0|100\r\n0,0,0,0,0,0,0|100\r\n0,0,0,0,0,0,0|100\r\n0,0,0,0,0,0,0|100\r\n0,0,0,0,0,0,0|100\r\n0,0,0,0,0,0,0|100\r\n0,0,0,0,0,0,0|100\r\n0,0,0,0,0,0,0|100\r\n0,0,0,0,0,0,0|100\r\n0,0,0,0,0,0,0|100\r\n0,0,0,0,0,0,0|100\r\n0,0,0,0,0,0,0|100\r\n0,0,0,0,0,0,0|100\r\n0,0,0,0,0,0,0|100\r\n0,0,0,0,0,0,0|100\r\n0,0,0,0,0,0,0|100\r\n0,0,0,0,0,0,0|100\r\n0,0,0,0,0,0,0|100\r\n0,0,0,0,0,0,0|100\r\n0,0,0,0,0,0,0|100\r\n0,0,0,0,0,0,0|100\r\n0,0,0,0,0,0,0|100\r\n0,0,0,0,0,0,0|100\r\n0,0,0,0,0,0,0|100\r\n0,0,0,0,0,0,0|100\r\n0,0,0,0,0,0,0|100\r\n0,0,0,0,0,0,0|100\r\n0,0,0,0,0,0,0|100\r\n0,0,0,0,0,0,0|100\r\n0,0,0,0,0,0,0|100\r\n0,0,0,0,0,0,0|100\r\n0,0,0,0,0,0,0|100\r\n0,0,0,0,0,0,0|100\r\n0,0,0,0,0,0,0|100\r\n0,0,0,0,0,0,0|100\r\n0,0,0,0,0,0,0|100\r\n0,0,0,0,0,0,0|100\r\n0,0,0,0,0,0,0|100\r\n0,0,0,0,0,0,0|100\r\n0,0,0,0,0,0,0|100\r\n0,0,0,0,0,0,0|100\r\n0,0,0,0,0,0,0|100\r\n0,0,0,0,0,0,0|100\r\n0,0,0,0,0,0,0|100\r\n0,0,0,0,0,0,0|100\r\n0,0,0,0,0,0,0|100\r\n0,0,0,0,0,0,0|100\r\n0,0,0,0,0,0,0|100\r\n0,0,0,0,0,0,0|100\r\n0,0,0,0,0,0,0|100\r\n0,0,0,0,0,0,0|100\r\n0,0,0,0,0,0,0|100\r\n0,0,0,0,0,0,0|100\r\n0,0,0,0,0,0,0|100\r\n0,0,0,0,0,0,0|100\r\n0,0,0,0,0,0,0|100\r\n0,0,0,0,0,0,0|100\r\n0,0,0,0,0,0,0|100\r\n0,0,0,0,0,0,0|100\r\n0,0,0,0,0,0,0|100\r\n0,0,0,0,0,0,0|100\r\n0,0,0,0,0,0,0|100\r\n0,0,0,0,0,0,0|100\r\n0,0,0,0,0,0,0|100\r\n0,0,0,0,0,0,0|100\r\n0,0,0,0,0,0,0|100\r\n0,0,0,0,0,0,0|100\r\n0,0,0,0,0,0,0|100\r\n0,0,0,0,0,0,0|100\r\n0,0,0,0,0,0,0|100\r\n0,0,0,0,0,0,0|100\r\n0,0,0,0,0,0,0|100\r\n0,0,0,0,0,0,0|100\r\n0,0,0,0,0,0,0|100\r\n0,0,0,0,0,0,0|100\r\n0,0,0,0,0,0,0|100\r\n0,0,0,0,0,0,0|100\r\n0,0,0,0,0,0,0|100\r\n0,0,0,0,0,0,0|100\r\n0,0,0,0,0,0,0|100\r\n0,0,0,0,0,0,0|100\r\n0,0,0,0,0,0,0|100\r\n0,0,0,0,0,0,0|100\r\n0,0,0,0,0,0,0|100\r\n0,0,0,0,0,0,0|100\r\n0,0,0,0,0,0,0|100\r\n0,0,0,0,0,0,0|100\r\n0,0,0,0,0,0,0|100\r\n0,0,0,0,0,0,0|100\r\n0,0,0,0,0,0,0|100\r\n0,0,0,0,0,0,0|100\r\n0,0,0,0,0,0,0|100\r\n0,0,0,0,0,0,0|100\r\n0,0,0,0,0,0,0|100\r\n0,0,0,0,0,0,0|100\r\n0,0,0,0,0,0,0|100\r\n0,0,0,0,0,0,0|100\r\n0,0,0,0,0,0,0|100\r\n0,0,0,0,0,0,0|100\r\n0,0,0,0,0,0,0|100\r\n0,0,0,0,0,0,0|100\r\n0,0,0,0,0,0,0|100\r\n0,0,0,0,0,0,0|100\r\n0,0,0,0,0,0,0|100\r\n0,0,0,0,0,0,0|100\r\n0,0,0,0,0,0,0|100\r\n0,0,0,0,0,0,0|100\r\n0,0,0,0,0,0,0|100\r\n0,0,0,0,0,0,0|100\r\n0,0,0,0,0,0,0|100\r\n0,0,0,0,0,0,0|100\r\n0,0,0,0,0,0,0|100\r\n0,0,0,0,0,0,0|100\r\n0,0,0,0,0,0,0|100\r\n0,0,0,0,0,0,0|100\r\n0,0,0,0,0,0,0|100\r\n0,0,0,0,0,0,0|100\r\n0,0,0,0,0,0,0|100\r\n0,0,0,0,0,0,0|100\r\n0,0,0,0,0,0,0|100\r\n0,0,0,0,0,0,0|100\r\n0,0,0,0,0,0,0|100\r\n0,0,0,0,0,0,0|100\r\n0,0,0,0,0,0,0|100\r\n0,0,0,0,0,0,0|100\r\n0,0,0,0,0,0,0|100\r\n0,0,0,0,0,0,0|100\r\n0,0,0,0,0,0,0|100\r\n0,0,0,0,0,0,0|100\r\n0,0,0,0,0,0,0|100\r\n0,0,0,0,0,0,0|100\r\n0,0,0,0,0,0,0|100\r\n0,0,0,0,0,0,0|100\r\n0,0,0,0,0,0,0|100\r\n0,0,0,0,0,0,0|100\r\n0,0,0,0,0,0,0|100\r\n0,0,0,0,0,0,0|100\r\n0,0,0,0,0,0,0|100\r\n0,0,0,0,0,0,0|100\r\n0,0,0,0,0,0,0|100\r\n0,0,0,0,0,0,0|100\r\n0,0,0,0,0,0,0|100\r\n0,0,0,0,0,0,0|100\r\n0,0,0,0,0,0,0|100\r\n0,0,0,0,0,0,0|100\r\n0,0,0,0,0,0,0|100\r\n0,0,0,0,0,0,0|100\r\n0,0,0,0,0,0,0|100\r\n0,0,0,0,0,0,0|100\r\n0,0,0,0,0,0,0|100\r\n0,0,0,0,0,0,0|100\r\n0,0,0,0,0,0,0|100\r\n0,0,0,0,0,0,0|100\r\n0,0,0,0,0,0,0|100\r\n0,0,0,0,0,0,0|100\r\n0,0,0,0,0,0,0|100\r\n0,0,0,0,0,0,0|100\r\n0,0,0,0,0,0,0|100\r\n0,0,0,0,0,0,0|100\r\n0,0,0,0,0,0,0|100\r\n0,0,0,0,0,0,0|100\r\n0,0,0,0,0,0,0|100\r\n0,0,0,0,0,0,0|100\r\n0,0,0,0,0,0,0|100\r\n0,0,0,0,0,0,0|100\r\n0,0,0,0,0,0,0|100\r\n0,0,0,0,0,0,0|100\r\n0,0,0,0,0,0,0|100\r\n0,0,0,0,0,0,0|100\r\n0,0,0,0,0,0,0|100\r\n0,0,0,0,0,0,0|100\r\n0,0,0,0,0,0,0|100\r\n0,0,0,0,0,0,0|100\r\n0,0,0,0,0,0,0|100\r\n0,0,0,0,0,0,0|100\r\n0,0,0,0,0,0,0|100\r\n0,0,0,0,0,0,0|100\r\n0,0,0,0,0,0,0|100\r\n0,0,0,0,0,0,0|100\r\n0,0,0,0,0,0,0|100\r\n0,0,0,0,0,0,0|100\r\n0,0,0,0,0,0,0|100\r\n0,0,0,0,0,0,0|100\r\n0,0,0,0,0,0,0|100\r\n0,0,0,0,0,0,0|100\r\n0,0,0,0,0,0,0|100\r\n0,0,0,0,0,0,0|100\r\n0,0,0,0,0,0,0|100\r\n0,0,0,0,0,0,0|100\r\n0,0,0,0,0,0,0|100\r\n0,0,0,0,0,0,0|100\r\n0,0,0,0,0,0,0|100\r\n0,0,0,0,0,0,0|100\r\n0,0,0,0,0,0,0|100\r\n0,0,0,0,0,0,0|100\r\n0,0,0,0,0,0,0|100\r\n0,0,0,0,0,0,0|100\r\n0,0,0,0,0,0,0|100\r\n0,0,0,0,0,0,0|100\r\n0,0,0,0,0,0,0|100\r\n0,0,0,0,0,0,0|100\r\n0,0,0,0,0,0,0|100\r\n0,0,0,0,0,0,0|100\r\n0,0,0,0,0,0,0|100\r\n0,0,0,0,0,0,0|100\r\n0,0,0,0,0,0,0|100\r\n0,0,0,0,0,0,0|100\r\n0,0,0,0,0,0,0|100\r\n0,0,0,0,0,0,0|100\r\n0,0,0,0,0,0,0|100\r\n0,0,0,0,0,0,0|100\r\n0,0,0,0,0,0,0|100\r\n0,0,0,0,0,0,0|100\r\n0,0,0,0,0,0,0|100\r\n0,0,0,0,0,0,0|100\r\n0,0,0,0,0,0,0|100\r\n0,0,0,0,0,0,0|100\r\n0,0,0,0,0,0,0|100\r\n0,0,0,0,0,0,0|100\r\n0,0,0,0,0,0,0|100\r\n0,0,0,0,0,0,0|100\r\n0,0,0,0,0,0,0|100\r\n0,0,0,0,0,0,0|100\r\n0,0,0,0,0,0,0|100\r\n0,0,0,0,0,0,0|100\r\n0,0,0,0,0,0,0|100\r\n0,0,0,0,0,0,0|100\r\n0,0,0,0,0,0,0|100\r\n0,0,0,0,0,0,0|100\r\n0,0,0,0,0,0,0|100\r\n0,0,0,0,0,0,0|100\r\n0,0,0,0,0,0,0|100\r\n0,0,0,0,0,0,0|100\r\n0,0,0,0,0,0,0|100\r\n0,0,0,0,0,0,0|100\r\n0,0,0,0,0,0,0|100\r\n0,0,0,0,0,0,0|100\r\n0,0,0,0,0,0,0|100\r\n0,0,0,0,0,0,0|100\r\n0,0,0,0,0,0,0|100\r\n0,0,0,0,0,0,0|100\r\n0,0,0,0,0,0,0|100\r\n0,0,0,0,0,0,0|100\r\n0,0,0,0,0,0,0|100\r\n0,0,0,0,0,0,0|100\r\n0,0,0,0,0,0,0|100\r\n0,0,0,0,0,0,0|100\r\n0,0,0,0,0,0,0|100\r\n0,0,0,0,0,0,0|100\r\n0,0,0,0,0,0,0|100\r\n0,0,0,0,0,0,0|100\r\n0,0,0,0,0,0,0|100\r\n0,0,0,0,0,0,0|100\r\n0,0,0,0,0,0,0|100\r\n0,0,0,0,0,0,0|100\r\n0,0,0,0,0,0,0|100\r\n0,0,0,0,0,0,0|100\r\n0,0,0,0,0,0,0|100\r\n0,0,0,0,0,0,0|100\r\n0,0,0,0,0,0,0|100\r\n0,0,0,0,0,0,0|100\r\n0,0,0,0,0,0,0|100\r\n0,0,0,0,0,0,0|100\r\n0,0,0,0,0,0,0|100\r\n0,0,0,0,0,0,0|100\r\n0,0,0,0,0,0,0|100\r\n0,0,0,0,0,0,0|100\r\n0,0,0,0,0,0,0|100\r\n0,0,0,0,0,0,0|100\r\n0,0,0,0,0,0,0|100\r\n0,0,0,0,0,0,0|100\r\n0,0,0,0,0,0,0|100\r\n0,0,0,0,0,0,0|100\r\n0,0,0,0,0,0,0|100\r\n0,0,0,0,0,0,0|100\r\n0,0,0,0,0,0,0|100\r\n0,0,0,0,0,0,0|100\r\n0,0,0,0,0,0,0|100\r\n0,0,0,0,0,0,0|100\r\n0,0,0,0,0,0,0|100\r\n0,0,0,0,0,0,0|100\r\n0,0,0,0,0,0,0|100\r\n0,0,0,0,0,0,0|100\r\n0,0,0,0,0,0,0|100\r\n0,0,0,0,0,0,0|100\r\n0,0,0,0,0,0,0|100\r\n0,0,0,0,0,0,0|100\r\n0,0,0,0,0,0,0|100\r\n0,0,0,0,0,0,0|100\r\n0,0,0,0,0,0,0|100\r\n0,0,0,0,0,0,0|100\r\n0,0,0,0,0,0,0|100\r\n0,0,0,0,0,0,0|100\r\n0,0,0,0,0,0,0|100\r\n0,0,0,0,0,0,0|100\r\n0,0,0,0,0,0,0|100\r\n0,0,0,0,0,0,0|100\r\n0,0,0,0,0,0,0|100\r\n0,0,0,0,0,0,0|100\r\n0,0,0,0,0,0,0|100\r\n0,0,0,0,0,0,0|100\r\n0,0,0,0,0,0,0|100\r\n0,0,0,0,0,0,0|100\r\n0,0,0,0,0,0,0|100\r\n0,0,0,0,0,0,0|100\r\n0,0,0,0,0,0,0|100\r\n0,0,0,0,0,0,0|100\r\n0,0,0,0,0,0,0|100\r\n0,0,0,0,0,0,0|100\r\n0,0,0,0,0,0,0|100\r\n0,0,0,0,0,0,0|100\r\n0,0,0,0,0,0,0|100\r\n0,0,0,0,0,0,0|100\r\n0,0,0,0,0,0,0|100\r\n0,0,0,0,0,0,0|100\r\n0,0,0,0,0,0,0|100\r\n0,0,0,0,0,0,0|100\r\n0,0,0,0,0,0,0|100\r\n0,0,0,0,0,0,0|100\r\n0,0,0,0,0,0,0|100\r\n0,0,0,0,0,0,0|100\r\n0,0,0,0,0,0,0|100\r\n0,0,0,0,0,0,0|100\r\n0,0,0,0,0,0,0|100\r\n0,0,0,0,0,0,0|100\r\n0,0,0,0,0,0,0|100\r\n0,0,0,0,0,0,0|100\r\n0,0,0,0,0,0,0|100\r\n0,0,0,0,0,0,0|100\r\n0,0,0,0,0,0,0|100\r\n0,0,0,0,0,0,0|100\r\n0,0,0,0,0,0,0|100\r\n0,0,0,0,0,0,0|100\r\n0,0,0,0,0,0,0|100\r\n0,0,0,0,0,0,0|100\r\n0,0,0,0,0,0,0|100\r\n0,0,0,0,0,0,0|100\r\n0,0,0,0,0,0,0|100\r\n0,0,0,0,0,0,0|100\r\n0,0,0,0,0,0,0|100\r\n0,0,0,0,0,0,0|100\r\n0,0,0,0,0,0,0|100\r\n0,0,0,0,0,0,0|100\r\n0,0,0,0,0,0,0|100\r\n0,0,0,0,0,0,0|100\r\n0,0,0,0,0,0,0|100\r\n0,0,0,0,0,0,0|100\r\n0,0,0,0,0,0,0|100\r\n0,0,0,0,0,0,0|100\r\n0,0,0,0,0,0,0|100\r\n0,0,0,0,0,0,0|100\r\n0,0,0,0,0,0,0|100\r\n0,0,0,0,0,0,0|100\r\n0,0,0,0,0,0,0|100\r\n0,0,0,0,0,0,0|100\r\n0,0,0,0,0,0,0|100\r\n0,0,0,0,0,0,0|100\r\n0,0,0,0,0,0,0|100\r\n0,0,0,0,0,0,0|100\r\n0,0,0,0,0,0,0|100\r\n0,0,0,0,0,0,0|100\r\n0,0,0,0,0,0,0|100\r\n0,0,0,0,0,0,0|100\r\n0,0,0,0,0,0,0|100\r\n0,0,0,0,0,0,0|100\r\n0,0,0,0,0,0,0|100\r\n0,0,0,0,0,0,0|100\r\n0,0,0,0,0,0,0|100\r\n0,0,0,0,0,0,0|100\r\n0,0,0,0,0,0,0|100\r\n0,0,0,0,0,0,0|100\r\n0,0,0,0,0,0,0|100\r\n0,0,0,0,0,0,0|100\r\n0,0,0,0,0,0,0|100\r\n0,0,0,0,0,0,0|100\r\n0,0,0,0,0,0,0|100\r\n0,0,0,0,0,0,0|100\r\n0,0,0,0,0,0,0|100\r\n0,0,0,0,0,0,0|100\r\n0,0,0,0,0,0,0|100\r\n0,0,0,0,0,0,0|100\r\n0,0,0,0,0,0,0|100\r\n0,0,0,0,0,0,0|100\r\n0,0,0,0,0,0,0|100\r\n0,0,0,0,0,0,0|100\r\n0,0,0,0,0,0,0|100\r\n0,0,0,0,0,0,0|100\r\n0,0,0,0,0,0,0|100\r\n0,0,0,0,0,0,0|100\r\n0,0,0,0,0,0,0|100\r\n0,0,0,0,0,0,0|100\r\n0,0,0,0,0,0,0|100\r\n0,0,0,0,0,0,0|100\r\n0,0,0,0,0,0,0|100\r\n0,0,0,0,0,0,0|100\r\n0,0,0,0,0,0,0|100\r\n0,0,0,0,0,0,0|100\r\n0,0,0,0,0,0,0|100\r\n0,0,0,0,0,0,0|100\r\n0,0,0,0,0,0,0|100\r\n0,0,0,0,0,0,0|100\r\n0,0,0,0,0,0,0|100\r\n0,0,0,0,0,0,0|100\r\n0,0,0,0,0,0,0|100\r\n0,0,0,0,0,0,0|100\r\n0,0,0,0,0,0,0|100\r\n0,0,0,0,0,0,0|100\r\n0,0,0,0,0,0,0|100\r\n0,0,0,0,0,0,0|100\r\n0,0,0,0,0,0,0|100\r\n0,0,0,0,0,0,0|100\r\n0,0,0,0,0,0,0|100\r\n0,0,0,0,0,0,0|100\r\n0,0,0,0,0,0,0|100\r\n0,0,0,0,0,0,0|100\r\n0,0,0,0,0,0,0|100\r\n0,0,0,0,0,0,0|100\r\n0,0,0,0,0,0,0|100\r\n0,0,0,0,0,0,0|100\r\n0,0,0,0,0,0,0|100\r\n0,0,0,0,0,0,0|100\r\n0,0,0,0,0,0,0|100\r\n0,0,0,0,0,0,0|100\r\n0,0,0,0,0,0,0|100\r\n0,0,0,0,0,0,0|100\r\n0,0,0,0,0,0,0|100\r\n0,0,0,0,0,0,0|100\r\n0,0,0,0,0,0,0|100\r\n0,0,0,0,0,0,0|100\r\n0,0,0,0,0,0,0|100\r\n0,0,0,0,0,0,0|100\r\n0,0,0,0,0,0,0|100\r\n0,0,0,0,0,0,0|100\r\n0,0,0,0,0,0,0|100\r\n0,0,0,0,0,0,0|100\r\n0,0,0,0,0,0,0|100\r\n0,0,0,0,0,0,0|100\r\n0,0,0,0,0,0,0|100\r\n0,0,0,0,0,0,0|100\r\n0,0,0,0,0,0,0|100\r\n0,0,0,0,0,0,0|100\r\n0,0,0,0,0,0,0|100\r\n0,0,0,0,0,0,0|100\r\n0,0,0,0,0,0,0|100\r\n0,0,0,0,0,0,0|100\r\n0,0,0,0,0,0,0|100\r\n0,0,0,0,0,0,0|100\r\n0,0,0,0,0,0,0|100\r\n0,0,0,0,0,0,0|100\r\n0,0,0,0,0,0,0|100\r\n0,0,0,0,0,0,0|100\r\n0,0,0,0,0,0,0|100\r\n0,0,0,0,0,0,0|100\r\n0,0,0,0,0,0,0|100\r\n0,0,0,0,0,0,0|100\r\n0,0,0,0,0,0,0|100\r\n0,0,0,0,0,0,0|100\r\n0,0,0,0,0,0,0|100\r\n0,0,0,0,0,0,0|100\r\n0,0,0,0,0,0,0|100\r\n0,0,0,0,0,0,0|100\r\n0,0,0,0,0,0,0|100\r\n0,0,0,0,0,0,0|100\r\n0,0,0,0,0,0,0|100\r\n0,0,0,0,0,0,0|100\r\n0,0,0,0,0,0,0|100\r\n0,0,0,0,0,0,0|100\r\n0,0,0,0,0,0,0|100\r\n0,0,0,0,0,0,0|100\r\n0,0,0,0,0,0,0|100\r\n0,0,0,0,0,0,0|100\r\n0,0,0,0,0,0,0|100\r\n0,0,0,0,0,0,0|100\r\n0,0,0,0,0,0,0|100\r\n0,0,0,0,0,0,0|100\r\n0,0,0,0,0,0,0|100\r\n0,0,0,0,0,0,0|100\r\n0,0,0,0,0,0,0|100\r\n0,0,0,0,0,0,0|100\r\n0,0,0,0,0,0,0|100\r\n0,0,0,0,0,0,0|100\r\n0,0,0,0,0,0,0|100\r\n0,0,0,0,0,0,0|100\r\n0,0,0,0,0,0,0|100\r\n0,0,0,0,0,0,0|100\r\n0,0,0,0,0,0,0|100\r\n0,0,0,0,0,0,0|100\r\n0,0,0,0,0,0,0|100\r\n0,0,0,0,0,0,0|100\r\n0,0,0,0,0,0,0|100\r\n0,0,0,0,0,0,0|100\r\n0,0,0,0,0,0,0|100\r\n0,0,0,0,0,0,0|100\r\n0,0,0,0,0,0,0|100\r\n0,0,0,0,0,0,0|100\r\n0,0,0,0,0,0,0|100\r\n0,0,0,0,0,0,0|100\r\n0,0,0,0,0,0,0|100\r\n0,0,0,0,0,0,0|100\r\n0,0,0,0,0,0,0|100\r\n0,0,0,0,0,0,0|100\r\n0,0,0,0,0,0,0|100\r\n0,0,0,0,0,0,0|100\r\n0,0,0,0,0,0,0|100\r\n0,0,0,0,0,0,0|100\r\n0,0,0,0,0,0,0|100\r\n0,0,0,0,0,0,0|100\r\n0,0,0,0,0,0,0|100\r\n0,0,0,0,0,0,0|100\r\n0,0,0,0,0,0,0|100\r\n0,0,0,0,0,0,0|100\r\n0,0,0,0,0,0,0|100\r\n0,0,0,0,0,0,0|100\r\n0,0,0,0,0,0,0|100\r\n0,0,0,0,0,0,0|100\r\n0,0,0,0,0,0,0|100\r\n0,0,0,0,0,0,0|100\r\n0,0,0,0,0,0,0|100\r\n0,0,0,0,0,0,0|100\r\n0,0,0,0,0,0,0|100\r\n0,0,0,0,0,0,0|100\r\n0,0,0,0,0,0,0|100\r\n0,0,0,0,0,0,0|100\r\n0,0,0,0,0,0,0|100\r\n0,0,0,0,0,0,0|100\r\n0,0,0,0,0,0,0|100\r\n0,0,0,0,0,0,0|100\r\n0,0,0,0,0,0,0|100\r\n0,0,0,0,0,0,0|100\r\n0,0,0,0,0,0,0|100\r\n0,0,0,0,0,0,0|100\r\n0,0,0,0,0,0,0|100\r\n0,0,0,0,0,0,0|100\r\n0,0,0,0,0,0,0|100\r\n0,0,0,0,0,0,0|100\r\n0,0,0,0,0,0,0|100\r\n0,0,0,0,0,0,0|100\r\n0,0,0,0,0,0,0|100\r\n0,0,0,0,0,0,0|100\r\n0,0,0,0,0,0,0|100\r\n0,0,0,0,0,0,0|100\r\n0,0,0,0,0,0,0|100\r\n0,0,0,0,0,0,0|100\r\n0,0,0,0,0,0,0|100\r\n0,0,0,0,0,0,0|100\r\n0,0,0,0,0,0,0|100\r\n0,0,0,0,0,0,0|100\r\n0,0,0,0,0,0,0|100\r\n0,0,0,0,0,0,0|100\r\n0,0,0,0,0,0,0|100\r\n0,0,0,0,0,0,0|100\r\n0,0,0,0,0,0,0|100\r\n0,0,0,0,0,0,0|100\r\n0,0,0,0,0,0,0|100\r\n0,0,0,0,0,0,0|100\r\n0,0,0,0,0,0,0|100\r\n0,0,0,0,0,0,0|100\r\n0,0,0,0,0,0,0|100\r\n0,0,0,0,0,0,0|100\r\n0,0,0,0,0,0,0|100\r\n0,0,0,0,0,0,0|100\r\n0,0,0,0,0,0,0|100\r\n0,0,0,0,0,0,0|100\r\n0,0,0,0,0,0,0|100\r\n0,0,0,0,0,0,0|100\r\n0,0,0,0,0,0,0|100\r\n0,0,0,0,0,0,0|100\r\n0,0,0,0,0,0,0|100\r\n0,0,0,0,0,0,0|100\r\n0,0,0,0,0,0,0|100\r\n0,0,0,0,0,0,0|100\r\n0,0,0,0,0,0,0|100\r\n0,0,0,0,0,0,0|100\r\n0,0,0,0,0,0,0|100\r\n0,0,0,0,0,0,0|100\r\n0,0,0,0,0,0,0|100\r\n0,0,0,0,0,0,0|100\r\n0,0,0,0,0,0,0|100\r\n0,0,0,0,0,0,0|100\r\n0,0,0,0,0,0,0|100\r\n0,0,0,0,0,0,0|100\r\n0,0,0,0,0,0,0|100\r\n0,0,0,0,0,0,0|100\r\n0,0,0,0,0,0,0|100\r\n0,0,0,0,0,0,0|100\r\n0,0,0,0,0,0,0|100\r\n0,0,0,0,0,0,0|100\r\n0,0,0,0,0,0,0|100\r\n0,0,0,0,0,0,0|100\r\n0,0,0,0,0,0,0|100\r\n0,0,0,0,0,0,0|100\r\n0,0,0,0,0,0,0|100\r\n0,0,0,0,0,0,0|100\r\n0,0,0,0,0,0,0|100\r\n0,0,0,0,0,0,0|100\r\n0,0,0,0,0,0,0|100\r\n0,0,0,0,0,0,0|100\r\n0,0,0,0,0,0,0|100\r\n0,0,0,0,0,0,0|100\r\n0,0,0,0,0,0,0|100\r\n0,0,0,0,0,0,0|100\r\n0,0,0,0,0,0,0|100\r\n0,0,0,0,0,0,0|100\r\n0,0,0,0,0,0,0|100\r\n0,0,0,0,0,0,0|100\r\n0,0,0,0,0,0,0|100\r\n0,0,0,0,0,0,0|100\r\n0,0,0,0,0,0,0|100\r\n0,0,0,0,0,0,0|100\r\n0,0,0,0,0,0,0|100\r\n0,0,0,0,0,0,0|100\r\n0,0,0,0,0,0,0|100\r\n0,0,0,0,0,0,0|100\r\n0,0,0,0,0,0,0|100\r\n0,0,0,0,0,0,0|100\r\n0,0,0,0,0,0,0|100\r\n0,0,0,0,0,0,0|100\r\n0,0,0,0,0,0,0|100\r\n0,0,0,0,0,0,0|100\r\n0,0,0,0,0,0,0|100\r\n0,0,0,0,0,0,0|100\r\n0,0,0,0,0,0,0|100\r\n0,0,0,0,0,0,0|100\r\n0,0,0,0,0,0,0|100\r\n0,0,0,0,0,0,0|100\r\n0,0,0,0,0,0,0|100\r\n0,0,0,0,0,0,0|100\r\n0,0,0,0,0,0,0|100\r\n0,0,0,0,0,0,0|100\r\n0,0,0,0,0,0,0|100\r\n0,0,0,0,0,0,0|100\r\n0,0,0,0,0,0,0|100\r\n0,0,0,0,0,0,0|100\r\n0,0,0,0,0,0,0|100\r\n0,0,0,0,0,0,0|100\r\n0,0,0,0,0,0,0|100\r\n0,0,0,0,0,0,0|100\r\n0,0,0,0,0,0,0|100\r\n0,0,0,0,0,0,0|100\r\n0,0,0,0,0,0,0|100\r\n0,0,0,0,0,0,0|100\r\n0,0,0,0,0,0,0|100\r\n0,0,0,0,0,0,0|100\r\n0,0,0,0,0,0,0|100\r\n0,0,0,0,0,0,0|100\r\n0,0,0,0,0,0,0|100\r\n0,0,0,0,0,0,0|100\r\n0,0,0,0,0,0,0|100\r\n0,0,0,0,0,0,0|100\r\n0,0,0,0,0,0,0|100\r\n0,0,0,0,0,0,0|100\r\n0,0,0,0,0,0,0|100\r\n0,0,0,0,0,0,0|100\r\n0,0,0,0,0,0,0|100\r\n0,0,0,0,0,0,0|100\r\n0,0,0,0,0,0,0|100\r\n0,0,0,0,0,0,0|100\r\n0,0,0,0,0,0,0|100\r\n0,0,0,0,0,0,0|100\r\n0,0,0,0,0,0,0|100\r\n0,0,0,0,0,0,0|100\r\n0,0,0,0,0,0,0|100\r\n0,0,0,0,0,0,0|100\r\n0,0,0,0,0,0,0|100\r\n0,0,0,0,0,0,0|100\r\n0,0,0,0,0,0,0|100\r\n0,0,0,0,0,0,0|100\r\n0,0,0,0,0,0,0|100\r\n0,0,0,0,0,0,0|100\r\n0,0,0,0,0,0,0|100\r\n0,0,0,0,0,0,0|100\r\n0,0,0,0,0,0,0|100\r\n0,0,0,0,0,0,0|100\r\n0,0,0,0,0,0,0|100\r\n0,0,0,0,0,0,0|100\r\n0,0,0,0,0,0,0|100\r\n0,0,0,0,0,0,0|100\r\n0,0,0,0,0,0,0|100\r\n0,0,0,0,0,0,0|100\r\n0,0,0,0,0,0,0|100\r\n0,0,0,0,0,0,0|100\r\n0,0,0,0,0,0,0|100\r\n0,0,0,0,0,0,0|100\r\n0,0,0,0,0,0,0|100\r\n0,0,0,0,0,0,0|100\r\n0,0,0,0,0,0,0|100\r\n0,0,0,0,0,0,0|100\r\n0,0,0,0,0,0,0|100\r\n0,0,0,0,0,0,0|100\r\n0,0,0,0,0,0,0|100\r\n0,0,0,0,0,0,0|100\r\n0,0,0,0,0,0,0|100\r\n0,0,0,0,0,0,0|100\r\n0,0,0,0,0,0,0|100\r\n0,0,0,0,0,0,0|100\r\n0,0,0,0,0,0,0|100\r\n0,0,0,0,0,0,0|100\r\n0,0,0,0,0,0,0|100\r\n0,0,0,0,0,0,0|100\r\n0,0,0,0,0,0,0|100\r\n0,0,0,0,0,0,0|100\r\n0,0,0,0,0,0,0|100\r\n0,0,0,0,0,0,0|100\r\n0,0,0,0,0,0,0|100\r\n0,0,0,0,0,0,0|100\r\n0,0,0,0,0,0,0|100\r\n0,0,0,0,0,0,0|100\r\n0,0,0,0,0,0,0|100\r\n0,0,0,0,0,0,0|100\r\n0,0,0,0,0,0,0|100\r\n0,0,0,0,0,0,0|100\r\n0,0,0,0,0,0,0|100\r\n0,0,0,0,0,0,0|100\r\n0,0,0,0,0,0,0|100\r\n0,0,0,0,0,0,0|100\r\n0,0,0,0,0,0,0|100\r\n0,0,0,0,0,0,0|100\r\n0,0,0,0,0,0,0|100\r\n0,0,0,0,0,0,0|100\r\n0,0,0,0,0,0,0|100\r\n0,0,0,0,0,0,0|100\r\n0,0,0,0,0,0,0|100\r\n0,0,0,0,0,0,0|100\r\n0,0,0,0,0,0,0|100\r\n0,0,0,0,0,0,0|100\r\n0,0,0,0,0,0,0|100\r\n0,0,0,0,0,0,0|100\r\n0,0,0,0,0,0,0|100\r\n0,0,0,0,0,0,0|100\r\n0,0,0,0,0,0,0|100\r\n0,0,0,0,0,0,0|100\r\n0,0,0,0,0,0,0|100\r\n0,0,0,0,0,0,0|100\r\n0,0,0,0,0,0,0|100\r\n0,0,0,0,0,0,0|100\r\n0,0,0,0,0,0,0|100\r\n0,0,0,0,0,0,0|100\r\n0,0,0,0,0,0,0|100\r\n0,0,0,0,0,0,0|100\r\n0,0,0,0,0,0,0|100\r\n0,0,0,0,0,0,0|100\r\n0,0,0,0,0,0,0|100\r\n0,0,0,0,0,0,0|100\r\n0,0,0,0,0,0,0|100\r\n0,0,0,0,0,0,0|100\r\n0,0,0,0,0,0,0|100\r\n0,0,0,0,0,0,0|100\r\n0,0,0,0,0,0,0|100\r\n0,0,0,0,0,0,0|100\r\n0,0,0,0,0,0,0|100\r\n0,0,0,0,0,0,0|100\r\n0,0,0,0,0,0,0|100\r\n0,0,0,0,0,0,0|100\r\n0,0,0,0,0,0,0|100\r\n0,0,0,0,0,0,0|100\r\n0,0,0,0,0,0,0|100\r\n0,0,0,0,0,0,0|100\r\n0,0,0,0,0,0,0|100\r\n0,0,0,0,0,0,0|100\r\n0,0,0,0,0,0,0|100\r\n0,0,0,0,0,0,0|100\r\n0,0,0,0,0,0,0|100\r\n0,0,0,0,0,0,0|100\r\n0,0,0,0,0,0,0|100\r\n0,0,0,0,0,0,0|100\r\n0,0,0,0,0,0,0|100\r\n0,0,0,0,0,0,0|100\r\n0,0,0,0,0,0,0|100\r\n0,0,0,0,0,0,0|100\r\n0,0,0,0,0,0,0|100\r\n0,0,0,0,0,0,0|100\r\n0,0,0,0,0,0,0|100\r\n0,0,0,0,0,0,0|100\r\n0,0,0,0,0,0,0|100\r\n0,0,0,0,0,0,0|100\r\n0,0,0,0,0,0,0|100\r\n0,0,0,0,0,0,0|100\r\n0,0,0,0,0,0,0|100\r\n0,0,0,0,0,0,0|100\r\n0,0,0,0,0,0,0|100\r\n0,0,0,0,0,0,0|100\r\n0,0,0,0,0,0,0|100\r\n0,0,0,0,0,0,0|100\r\n0,0,0,0,0,0,0|100\r\n0,0,0,0,0,0,0|100\r\n0,0,0,0,0,0,0|100\r\n0,0,0,0,0,0,0|100\r\n0,0,0,0,0,0,0|100\r\n0,0,0,0,0,0,0|100\r\n0,0,0,0,0,0,0|100\r\n0,0,0,0,0,0,0|100\r\n0,0,0,0,0,0,0|100\r\n0,0,0,0,0,0,0|100\r\n0,0,0,0,0,0,0|100\r\n0,0,0,0,0,0,0|100\r\n0,0,0,0,0,0,0|100\r\n0,0,0,0,0,0,0|100\r\n0,0,0,0,0,0,0|100\r\n0,0,0,0,0,0,0|100\r\n0,0,0,0,0,0,0|100\r\n0,0,0,0,0,0,0|100\r\n0,0,0,0,0,0,0|100\r\n0,0,0,0,0,0,0|100\r\n0,0,0,0,0,0,0|100\r\n0,0,0,0,0,0,0|100\r\n0,0,0,0,0,0,0|100\r\n0,0,0,0,0,0,0|100\r\n0,0,0,0,0,0,0|100\r\n0,0,0,0,0,0,0|100\r\n0,0,0,0,0,0,0|100\r\n0,0,0,0,0,0,0|100\r\n0,0,0,0,0,0,0|100\r\n0,0,0,0,0,0,0|100\r\n0,0,0,0,0,0,0|100\r\n0,0,0,0,0,0,0|100\r\n0,0,0,0,0,0,0|100\r\n0,0,0,0,0,0,0|100\r\n0,0,0,0,0,0,0|100\r\n0,0,0,0,0,0,0|100\r\n0,0,0,0,0,0,0|100\r\n0,0,0,0,0,0,0|100\r\n0,0,0,0,0,0,0|100\r\n0,0,0,0,0,0,0|100\r\n0,0,0,0,0,0,0|100\r\n0,0,0,0,0,0,0|100\r\n0,0,0,0,0,0,0|100\r\n0,0,0,0,0,0,0|100\r\n0,0,0,0,0,0,0|100\r\n0,0,0,0,0,0,0|100\r\n0,0,0,0,0,0,0|100\r\n0,0,0,0,0,0,0|100\r\n0,0,0,0,0,0,0|100\r\n0,0,0,0,0,0,0|100\r\n0,0,0,0,0,0,0|100\r\n0,0,0,0,0,0,0|100\r\n0,0,0,0,0,0,0|100\r\n0,0,0,0,0,0,0|100\r\n0,0,0,0,0,0,0|100\r\n0,0,0,0,0,0,0|100\r\n0,0,0,0,0,0,0|100\r\n0,0,0,0,0,0,0|100\r\n0,0,0,0,0,0,0|100\r\n0,0,0,0,0,0,0|100\r\n0,0,0,0,0,0,0|100\r\n0,0,0,0,0,0,0|100\r\n0,0,0,0,0,0,0|100\r\n0,0,0,0,0,0,0|100\r\n0,0,0,0,0,0,0|100\r\n0,0,0,0,0,0,0|100\r\n0,0,0,0,0,0,0|100\r\n0,0,0,0,0,0,0|100\r\n0,0,0,0,0,0,0|100\r\n0,0,0,0,0,0,0|100\r\n0,0,0,0,0,0,0|100\r\n0,0,0,0,0,0,0|100\r\n0,0,0,0,0,0,0|100\r\n0,0,0,0,0,0,0|100\r\n0,0,0,0,0,0,0|100\r\n0,0,0,0,0,0,0|100\r\n0,0,0,0,0,0,0|100\r\n0,0,0,0,0,0,0|100\r\n0,0,0,0,0,0,0|100\r\n0,0,0,0,0,0,0|100\r\n0,0,0,0,0,0,0|100\r\n0,0,0,0,0,0,0|100\r\n0,0,0,0,0,0,0|100\r\n0,0,0,0,0,0,0|100\r\n0,0,0,0,0,0,0|100\r\n0,0,0,0,0,0,0|100\r\n0,0,0,0,0,0,0|100\r\n0,0,0,0,0,0,0|100\r\n0,0,0,0,0,0,0|100\r\n0,0,0,0,0,0,0|100\r\n0,0,0,0,0,0,0|100\r\n0,0,0,0,0,0,0|100\r\n0,0,0,0,0,0,0|100\r\n0,0,0,0,0,0,0|100\r\n0,0,0,0,0,0,0|100\r\n0,0,0,0,0,0,0|100\r\n0,0,0,0,0,0,0|100\r\n0,0,0,0,0,0,0|100\r\n0,0,0,0,0,0,0|100\r\n0,0,0,0,0,0,0|100\r\n0,0,0,0,0,0,0|100\r\n0,0,0,0,0,0,0|100\r\n0,0,0,0,0,0,0|100\r\n0,0,0,0,0,0,0|100\r\n0,0,0,0,0,0,0|100\r\n0,0,0,0,0,0,0|100\r\n0,0,0,0,0,0,0|100\r\n0,0,0,0,0,0,0|100\r\n0,0,0,0,0,0,0|100\r\n0,0,0,0,0,0,0|100\r\n0,0,0,0,0,0,0|100\r\n0,0,0,0,0,0,0|100\r\n0,0,0,0,0,0,0|100\r\n0,0,0,0,0,0,0|100\r\n0,0,0,0,0,0,0|100\r\n0,0,0,0,0,0,0|100\r\n0,0,0,0,0,0,0|100\r\n0,0,0,0,0,0,0|100\r\n0,0,0,0,0,0,0|100\r\n0,0,0,0,0,0,0|100\r\n0,0,0,0,0,0,0|100\r\n0,0,0,0,0,0,0|100\r\n0,0,0,0,0,0,0|100\r\n0,0,0,0,0,0,0|100\r\n0,0,0,0,0,0,0|100\r\n0,0,0,0,0,0,0|100\r\n0,0,0,0,0,0,0|100\r\n0,0,0,0,0,0,0|100\r\n0,0,0,0,0,0,0|100\r\n0,0,0,0,0,0,0|100\r\n0,0,0,0,0,0,0|100\r\n0,0,0,0,0,0,0|100\r\n0,0,0,0,0,0,0|100\r\n0,0,0,0,0,0,0|100\r\n0,0,0,0,0,0,0|100\r\n0,0,0,0,0,0,0|100\r\n0,0,0,0,0,0,0|100\r\n0,0,0,0,0,0,0|100\r\n0,0,0,0,0,0,0|100\r\n0,0,0,0,0,0,0|100\r\n0,0,0,0,0,0,0|100\r\n0,0,0,0,0,0,0|100\r\n0,0,0,0,0,0,0|100\r\n0,0,0,0,0,0,0|100\r\n0,0,0,0,0,0,0|100\r\n0,0,0,0,0,0,0|100\r\n0,0,0,0,0,0,0|100\r\n0,0,0,0,0,0,0|100\r\n0,0,0,0,0,0,0|100\r\n0,0,0,0,0,0,0|100\r\n0,0,0,0,0,0,0|100\r\n0,0,0,0,0,0,0|100\r\n0,0,0,0,0,0,0|100\r\n0,0,0,0,0,0,0|100\r\n0,0,0,0,0,0,0|100\r\n0,0,0,0,0,0,0|100\r\n0,0,0,0,0,0,0|100\r\n0,0,0,0,0,0,0|100\r\n0,0,0,0,0,0,0|100\r\n0,0,0,0,0,0,0|100\r\n0,0,0,0,0,0,0|100\r\n0,0,0,0,0,0,0|100\r\n0,0,0,0,0,0,0|100\r\n0,0,0,0,0,0,0|100\r\n0,0,0,0,0,0,0|100\r\n0,0,0,0,0,0,0|100\r\n0,0,0,0,0,0,0|100\r\n0,0,0,0,0,0,0|100\r\n0,0,0,0,0,0,0|100\r\n0,0,0,0,0,0,0|100\r\n0,0,0,0,0,0,0|100\r\n0,0,0,0,0,0,0|100\r\n0,0,0,0,0,0,0|100\r\n0,0,0,0,0,0,0|100\r\n0,0,0,0,0,0,0|100\r\n0,0,0,0,0,0,0|100\r\n0,0,0,0,0,0,0|100\r\n0,0,0,0,0,0,0|100\r\n0,0,0,0,0,0,0|100\r\n0,0,0,0,0,0,0|100\r\n0,0,0,0,0,0,0|100\r\n0,0,0,0,0,0,0|100\r\n0,0,0,0,0,0,0|100\r\n0,0,0,0,0,0,0|100\r\n0,0,0,0,0,0,0|100\r\n0,0,0,0,0,0,0|100\r\n0,0,0,0,0,0,0|100\r\n0,0,0,0,0,0,0|100\r\n0,0,0,0,0,0,0|100\r\n0,0,0,0,0,0,0|100\r\n0,0,0,0,0,0,0|100\r\n0,0,0,0,0,0,0|100\r\n0,0,0,0,0,0,0|100\r\n0,0,0,0,0,0,0|100\r\n0,0,0,0,0,0,0|100\r\n0,0,0,0,0,0,0|100\r\n0,0,0,0,0,0,0|100\r\n0,0,0,0,0,0,0|100\r\n0,0,0,0,0,0,0|100\r\n0,0,0,0,0,0,0|100\r\n0,0,0,0,0,0,0|100\r\n0,0,0,0,0,0,0|100\r\n0,0,0,0,0,0,0|100\r\n0,0,0,0,0,0,0|100\r\n0,0,0,0,0,0,0|100\r\n0,0,0,0,0,0,0|100\r\n0,0,0,0,0,0,0|100\r\n0,0,0,0,0,0,0|100\r\n0,0,0,0,0,0,0|100\r\n0,0,0,0,0,0,0|100\r\n0,0,0,0,0,0,0|100\r\n0,0,0,0,0,0,0|100\r\n0,0,0,0,0,0,0|100\r\n0,0,0,0,0,0,0|100\r\n0,0,0,0,0,0,0|100\r\n0,0,0,0,0,0,0|100\r\n0,0,0,0,0,0,0|100\r\n0,0,0,0,0,0,0|100\r\n0,0,0,0,0,0,0|100\r\n0,0,0,0,0,0,0|100\r\n0,0,0,0,0,0,0|100\r\n0,0,0,0,0,0,0|100\r\n0,0,0,0,0,0,0|100\r\n0,0,0,0,0,0,0|100\r\n0,0,0,0,0,0,0|100\r\n0,0,0,0,0,0,0|100\r\n0,0,0,0,0,0,0|100\r\n0,0,0,0,0,0,0|100\r\n0,0,0,0,0,0,0|100\r\n0,0,0,0,0,0,0|100\r\n0,0,0,0,0,0,0|100\r\n0,0,0,0,0,0,0|100\r\n0,0,0,0,0,0,0|100\r\n0,0,0,0,0,0,0|100\r\n0,0,0,0,0,0,0|100\r\n0,0,0,0,0,0,0|100\r\n0,0,0,0,0,0,0|100\r\n0,0,0,0,0,0,0|100\r\n0,0,0,0,0,0,0|100\r\n0,0,0,0,0,0,0|100\r\n0,0,0,0,0,0,0|100\r\n0,0,0,0,0,0,0|100\r\n0,0,0,0,0,0,0|100\r\n0,0,0,0,0,0,0|100\r\n0,0,0,0,0,0,0|100\r\n0,0,0,0,0,0,0|100\r\n0,0,0,0,0,0,0|100\r\n0,0,0,0,0,0,0|100\r\n0,0,0,0,0,0,0|100\r\n0,0,0,0,0,0,0|100\r\n0,0,0,0,0,0,0|100\r\n0,0,0,0,0,0,0|100\r\n0,0,0,0,0,0,0|100\r\n0,0,0,0,0,0,0|100\r\n0,0,0,0,0,0,0|100\r\n0,0,0,0,0,0,0|100\r\n0,0,0,0,0,0,0|100\r\n0,0,0,0,0,0,0|100\r\n0,0,0,0,0,0,0|100\r\n0,0,0,0,0,0,0|100\r\n0,0,0,0,0,0,0|100\r\n0,0,0,0,0,0,0|100\r\n0,0,0,0,0,0,0|100\r\n0,0,0,0,0,0,0|100\r\n0,0,0,0,0,0,0|100\r\n0,0,0,0,0,0,0|100\r\n0,0,0,0,0,0,0|100\r\n0,0,0,0,0,0,0|100\r\n0,0,0,0,0,0,0|100\r\n0,0,0,0,0,0,0|100\r\n0,0,0,0,0,0,0|100\r\n0,0,0,0,0,0,0|100\r\n0,0,0,0,0,0,0|100\r\n0,0,0,0,0,0,0|100\r\n0,0,0,0,0,0,0|100\r\n0,0,0,0,0,0,0|100\r\n0,0,0,0,0,0,0|100\r\n0,0,0,0,0,0,0|100\r\n0,0,0,0,0,0,0|100\r\n0,0,0,0,0,0,0|100\r\n0,0,0,0,0,0,0|100\r\n0,0,0,0,0,0,0|100\r\n0,0,0,0,0,0,0|100\r\n0,0,0,0,0,0,0|100\r\n0,0,0,0,0,0,0|100\r\n0,0,0,0,0,0,0|100\r\n0,0,0,0,0,0,0|100\r\n0,0,0,0,0,0,0|100\r\n0,0,0,0,0,0,0|100\r\n0,0,0,0,0,0,0|100\r\n0,0,0,0,0,0,0|100\r\n0,0,0,0,0,0,0|100\r\n0,0,0,0,0,0,0|100\r\n0,0,0,0,0,0,0|100\r\n0,0,0,0,0,0,0|100\r\n0,0,0,0,0,0,0|100\r\n0,0,0,0,0,0,0|100\r\n0,0,0,0,0,0,0|100\r\n0,0,0,0,0,0,0|100\r\n0,0,0,0,0,0,0|100\r\n0,0,0,0,0,0,0|100\r\n0,0,0,0,0,0,0|100\r\n0,0,0,0,0,0,0|100\r\n0,0,0,0,0,0,0|100\r\n0,0,0,0,0,0,0|100\r\n0,0,0,0,0,0,0|100\r\n0,0,0,0,0,0,0|100\r\n0,0,0,0,0,0,0|100\r\n0,0,0,0,0,0,0|100\r\n0,0,0,0,0,0,0|100\r\n0,0,0,0,0,0,0|100\r\n0,0,0,0,0,0,0|100\r\n0,0,0,0,0,0,0|100\r\n0,0,0,0,0,0,0|100\r\n0,0,0,0,0,0,0|100\r\n0,0,0,0,0,0,0|100\r\n0,0,0,0,0,0,0|100\r\n0,0,0,0,0,0,0|100\r\n0,0,0,0,0,0,0|100\r\n0,0,0,0,0,0,0|100\r\n0,0,0,0,0,0,0|100\r\n0,0,0,0,0,0,0|100\r\n0,0,0,0,0,0,0|100\r\n0,0,0,0,0,0,0|100\r\n0,0,0,0,0,0,0|100\r\n0,0,0,0,0,0,0|100\r\n0,0,0,0,0,0,0|100\r\n0,0,0,0,0,0,0|100\r\n0,0,0,0,0,0,0|100\r\n0,0,0,0,0,0,0|100\r\n0,0,0,0,0,0,0|100\r\n0,0,0,0,0,0,0|100\r\n0,0,0,0,0,0,0|100\r\n0,0,0,0,0,0,0|100\r\n0,0,0,0,0,0,0|100\r\n0,0,0,0,0,0,0|100\r\n0,0,0,0,0,0,0|100\r\n0,0,0,0,0,0,0|100\r\n0,0,0,0,0,0,0|100\r\n0,0,0,0,0,0,0|100\r\n0,0,0,0,0,0,0|100\r\n0,0,0,0,0,0,0|100\r\n0,0,0,0,0,0,0|100\r\n0,0,0,0,0,0,0|100\r\n0,0,0,0,0,0,0|100\r\n0,0,0,0,0,0,0|100\r\n0,0,0,0,0,0,0|100\r\n0,0,0,0,0,0,0|100\r\n0,0,0,0,0,0,0|100\r\n0,0,0,0,0,0,0|100\r\n0,0,0,0,0,0,0|100\r\n0,0,0,0,0,0,0|100\r\n0,0,0,0,0,0,0|100\r\n0,0,0,0,0,0,0|100\r\n0,0,0,0,0,0,0|100\r\n0,0,0,0,0,0,0|100\r\n0,0,0,0,0,0,0|100\r\n0,0,0,0,0,0,0|100\r\n0,0,0,0,0,0,0|100\r\n0,0,0,0,0,0,0|100\r\n0,0,0,0,0,0,0|100\r\n0,0,0,0,0,0,0|100\r\n0,0,0,0,0,0,0|100\r\n0,0,0,0,0,0,0|100\r\n0,0,0,0,0,0,0|100\r\n0,0,0,0,0,0,0|100\r\n0,0,0,0,0,0,0|100\r\n0,0,0,0,0,0,0|100\r\n0,0,0,0,0,0,0|100\r\n0,0,0,0,0,0,0|100\r\n0,0,0,0,0,0,0|100\r\n0,0,0,0,0,0,0|100\r\n0,0,0,0,0,0,0|100\r\n0,0,0,0,0,0,0|100\r\n0,0,0,0,0,0,0|100\r\n0,0,0,0,0,0,0|100\r\n0,0,0,0,0,0,0|100\r\n0,0,0,0,0,0,0|100\r\n0,0,0,0,0,0,0|100\r\n0,0,0,0,0,0,0|100\r\n0,0,0,0,0,0,0|100\r\n0,0,0,0,0,0,0|100\r\n0,0,0,0,0,0,0|100\r\n0,0,0,0,0,0,0|100\r\n0,0,0,0,0,0,0|100\r\n0,0,0,0,0,0,0|100\r\n0,0,0,0,0,0,0|100\r\n0,0,0,0,0,0,0|100\r\n0,0,0,0,0,0,0|100\r\n0,0,0,0,0,0,0|100\r\n0,0,0,0,0,0,0|100\r\n0,0,0,0,0,0,0|100\r\n0,0,0,0,0,0,0|100\r\n0,0,0,0,0,0,0|100\r\n0,0,0,0,0,0,0|100\r\n0,0,0,0,0,0,0|100\r\n0,0,0,0,0,0,0|100\r\n0,0,0,0,0,0,0|100\r\n0,0,0,0,0,0,0|100\r\n0,0,0,0,0,0,0|100\r\n0,0,0,0,0,0,0|100\r\n0,0,0,0,0,0,0|100\r\n0,0,0,0,0,0,0|100\r\n0,0,0,0,0,0,0|100\r\n0,0,0,0,0,0,0|100\r\n0,0,0,0,0,0,0|100\r\n0,0,0,0,0,0,0|100\r\n0,0,0,0,0,0,0|100\r\n0,0,0,0,0,0,0|100\r\n0,0,0,0,0,0,0|100\r\n0,0,0,0,0,0,0|100\r\n0,0,0,0,0,0,0|100\r\n0,0,0,0,0,0,0|100\r\n0,0,0,0,0,0,0|100\r\n0,0,0,0,0,0,0|100\r\n0,0,0,0,0,0,0|100\r\n0,0,0,0,0,0,0|100\r\n0,0,0,0,0,0,0|100\r\n0,0,0,0,0,0,0|100\r\n0,0,0,0,0,0,0|100\r\n0,0,0,0,0,0,0|100\r\n0,0,0,0,0,0,0|100\r\n0,0,0,0,0,0,0|100\r\n0,0,0,0,0,0,0|100\r\n0,0,0,0,0,0,0|100\r\n0,0,0,0,0,0,0|100\r\n0,0,0,0,0,0,0|100\r\n0,0,0,0,0,0,0|100\r\n0,0,0,0,0,0,0|100\r\n0,0,0,0,0,0,0|100\r\n0,0,0,0,0,0,0|100\r\n0,0,0,0,0,0,0|100\r\n0,0,0,0,0,0,0|100\r\n0,0,0,0,0,0,0|100\r\n0,0,0,0,0,0,0|100\r\n0,0,0,0,0,0,0|100\r\n0,0,0,0,0,0,0|100\r\n0,0,0,0,0,0,0|100\r\n0,0,0,0,0,0,0|100\r\n0,0,0,0,0,0,0|100\r\n0,0,0,0,0,0,0|100\r\n0,0,0,0,0,0,0|100\r\n0,0,0,0,0,0,0|100\r\n0,0,0,0,0,0,0|100\r\n0,0,0,0,0,0,0|100\r\n0,0,0,0,0,0,0|100\r\n0,0,0,0,0,0,0|100\r\n0,0,0,0,0,0,0|100\r\n0,0,0,0,0,0,0|100\r\n0,0,0,0,0,0,0|100\r\n0,0,0,0,0,0,0|100\r\n0,0,0,0,0,0,0|100\r\n0,0,0,0,0,0,0|100\r\n0,0,0,0,0,0,0|100\r\n0,0,0,0,0,0,0|100\r\n0,0,0,0,0,0,0|100\r\n0,0,0,0,0,0,0|100\r\n0,0,0,0,0,0,0|100\r\n0,0,0,0,0,0,0|100\r\n0,0,0,0,0,0,0|100\r\n0,0,0,0,0,0,0|100\r\n0,0,0,0,0,0,0|100\r\n0,0,0,0,0,0,0|100\r\n0,0,0,0,0,0,0|100\r\n0,0,0,0,0,0,0|100\r\n0,0,0,0,0,0,0|100\r\n0,0,0,0,0,0,0|100\r\n0,0,0,0,0,0,0|100\r\n0,0,0,0,0,0,0|100\r\n0,0,0,0,0,0,0|100\r\n0,0,0,0,0,0,0|100\r\n0,0,0,0,0,0,0|100\r\n0,0,0,0,0,0,0|100\r\n0,0,0,0,0,0,0|100\r\n0,0,0,0,0,0,0|100\r\n0,0,0,0,0,0,0|100\r\n0,0,0,0,0,0,0|100\r\n0,0,0,0,0,0,0|100\r\n0,0,0,0,0,0,0|100\r\n0,0,0,0,0,0,0|100\r\n0,0,0,0,0,0,0|100\r\n0,0,0,0,0,0,0|100\r\n0,0,0,0,0,0,0|100\r\n0,0,0,0,0,0,0|100\r\n0,0,0,0,0,0,0|100\r\n0,0,0,0,0,0,0|100\r\n0,0,0,0,0,0,0|100\r\n0,0,0,0,0,0,0|100\r\n0,0,0,0,0,0,0|100\r\n0,0,0,0,0,0,0|100\r\n0,0,0,0,0,0,0|100\r\n0,0,0,0,0,0,0|100\r\n0,0,0,0,0,0,0|100\r\n0,0,0,0,0,0,0|100\r\n0,0,0,0,0,0,0|100\r\n0,0,0,0,0,0,0|100\r\n0,0,0,0,0,0,0|100\r\n0,0,0,0,0,0,0|100\r\n0,0,0,0,0,0,0|100\r\n0,0,0,0,0,0,0|100\r\n0,0,0,0,0,0,0|100\r\n0,0,0,0,0,0,0|100\r\n0,0,0,0,0,0,0|100\r\n0,0,0,0,0,0,0|100\r\n0,0,0,0,0,0,0|100\r\n0,0,0,0,0,0,0|100\r\n0,0,0,0,0,0,0|100\r\n0,0,0,0,0,0,0|100\r\n0,0,0,0,0,0,0|100\r\n0,0,0,0,0,0,0|100\r\n0,0,0,0,0,0,0|100\r\n0,0,0,0,0,0,0|100\r\n0,0,0,0,0,0,0|100\r\n0,0,0,0,0,0,0|100\r\n0,0,0,0,0,0,0|100\r\n0,0,0,0,0,0,0|100\r\n0,0,0,0,0,0,0|100\r\n0,0,0,0,0,0,0|100\r\n0,0,0,0,0,0,0|100\r\n0,0,0,0,0,0,0|100\r\n0,0,0,0,0,0,0|100\r\n0,0,0,0,0,0,0|100\r\n0,0,0,0,0,0,0|100\r\n0,0,0,0,0,0,0|100\r\n0,0,0,0,0,0,0|100\r\n0,0,0,0,0,0,0|100\r\n0,0,0,0,0,0,0|100\r\n0,0,0,0,0,0,0|100\r\n0,0,0,0,0,0,0|100\r\n0,0,0,0,0,0,0|100\r\n0,0,0,0,0,0,0|100\r\n0,0,0,0,0,0,0|100\r\n0,0,0,0,0,0,0|100\r\n0,0,0,0,0,0,0|100\r\n0,0,0,0,0,0,0|100\r\n0,0,0,0,0,0,0|100\r\n0,0,0,0,0,0,0|100\r\n0,0,0,0,0,0,0|100\r\n0,0,0,0,0,0,0|100\r\n0,0,0,0,0,0,0|100\r\n0,0,0,0,0,0,0|100\r\n0,0,0,0,0,0,0|100\r\n0,0,0,0,0,0,0|100\r\n0,0,0,0,0,0,0|100\r\n0,0,0,0,0,0,0|100\r\n0,0,0,0,0,0,0|100\r\n0,0,0,0,0,0,0|100\r\n0,0,0,0,0,0,0|100\r\n0,0,0,0,0,0,0|100\r\n0,0,0,0,0,0,0|100\r\n0,0,0,0,0,0,0|100\r\n0,0,0,0,0,0,0|100\r\n0,0,0,0,0,0,0|100\r\n0,0,0,0,0,0,0|100\r\n0,0,0,0,0,0,0|100\r\n0,0,0,0,0,0,0|100\r\n0,0,0,0,0,0,0|100\r\n0,0,0,0,0,0,0|100\r\n0,0,0,0,0,0,0|100\r\n0,0,0,0,0,0,0|100\r\n0,0,0,0,0,0,0|100\r\n0,0,0,0,0,0,0|100\r\n0,0,0,0,0,0,0|100\r\n0,0,0,0,0,0,0|100\r\n0,0,0,0,0,0,0|100\r\n0,0,0,0,0,0,0|100\r\n0,0,0,0,0,0,0|100\r\n0,0,0,0,0,0,0|100\r\n0,0,0,0,0,0,0|100\r\n0,0,0,0,0,0,0|100\r\n0,0,0,0,0,0,0|100\r\n0,0,0,0,0,0,0|100\r\n0,0,0,0,0,0,0|100\r\n0,0,0,0,0,0,0|100\r\n0,0,0,0,0,0,0|100\r\n0,0,0,0,0,0,0|100\r\n0,0,0,0,0,0,0|100\r\n0,0,0,0,0,0,0|100\r\n0,0,0,0,0,0,0|100\r\n0,0,0,0,0,0,0|100\r\n0,0,0,0,0,0,0|100\r\n0,0,0,0,0,0,0|100\r\n0,0,0,0,0,0,0|100\r\n0,0,0,0,0,0,0|100\r\n0,0,0,0,0,0,0|100\r\n0,0,0,0,0,0,0|100\r\n0,0,0,0,0,0,0|100\r\n0,0,0,0,0,0,0|100\r\n0,0,0,0,0,0,0|100\r\n0,0,0,0,0,0,0|100\r\n0,0,0,0,0,0,0|100\r\n0,0,0,0,0,0,0|100\r\n0,0,0,0,0,0,0|100\r\n0,0,0,0,0,0,0|100\r\n0,0,0,0,0,0,0|100\r\n0,0,0,0,0,0,0|100\r\n0,0,0,0,0,0,0|100\r\n0,0,0,0,0,0,0|100\r\n0,0,0,0,0,0,0|100\r\n0,0,0,0,0,0,0|100\r\n0,0,0,0,0,0,0|100\r\n0,0,0,0,0,0,0|100\r\n0,0,0,0,0,0,0|100\r\n0,0,0,0,0,0,0|100\r\n0,0,0,0,0,0,0|100\r\n0,0,0,0,0,0,0|100\r\n0,0,0,0,0,0,0|100\r\n0,0,0,0,0,0,0|100\r\n0,0,0,0,0,0,0|100\r\n0,0,0,0,0,0,0|100\r\n0,0,0,0,0,0,0|100\r\n0,0,0,0,0,0,0|100\r\n0,0,0,0,0,0,0|100\r\n0,0,0,0,0,0,0|100\r\n0,0,0,0,0,0,0|100\r\n0,0,0,0,0,0,0|100\r\n0,0,0,0,0,0,0|100\r\n0,0,0,0,0,0,0|100\r\n0,0,0,0,0,0,0|100\r\n0,0,0,0,0,0,0|100\r\n0,0,0,0,0,0,0|100\r\n0,0,0,0,0,0,0|100\r\n0,0,0,0,0,0,0|100\r\n0,0,0,0,0,0,0|100\r\n0,0,0,0,0,0,0|100\r\n0,0,0,0,0,0,0|100\r\n0,0,0,0,0,0,0|100\r\n0,0,0,0,0,0,0|100\r\n0,0,0,0,0"

GDE GOD DA GA PRESEÄŒEM MORA DA RADI!!

ASSERT failure in QList<T>::operator[]: "index out of range"

serialBuffer:  ",1,1,0|69\r\n0,1,1,0,1,1,0|69\r\n0,1,1,0,1,1,0|69\r\n0,1,1,0,1,1,0|69\r\n0,1,1,0,1,1,0|69\r\n0,1\b!C\b\b\b\b\u0000\u0000\u0000\u0000\u0000\u0000??b?b?b???9\r\n0,1,1,0,1,1,0|69\r\n0,1,1,0,1,1,0|69\r\n0,1,1,0,1,1,0|69\r\n0,1,1,0,1,1,0|69\r\n0,1,1,0,1,1,0|69\r\n0,1,1,0,1,1,0|69\r\n0,1,1,0,1,1,0|69\r\n0,1,1,0,1,1,0|69\r\n0,1,1,0,1,1,0|69\r\n0,1,1,0,1,1,0|69\r\n0,1,1,0,1,1,0|69\r\n0,1,1,0,1,1,0|69\r\n0,1,1,0,1,1,0|69\r\n0,1,1,0,1,1,0|69\r\n0,1,1,0,1,1,0|69\r\n0,1,1,0,1,1,0|69\r\n0,1,1,0,1,1,0|69\r\n0,1,1,0,1,1,0|69\r\n0,1,1,0,1,1,0|69\r\n0,1,1,0,1,1,0|69\r\n0,1,1,0,1,1,0|69\r\n0,1,1,0,1,1,0|69\r\n0,1,1,0,1,1,0|69\r\n0,1,1,0,1,1,0|69\r\n0,1,1,0,1,1,0|69\r\n0,1,1,0,1,1,0|69\r\n0,1,1,0,1,1,0|69\r\n0,1,1,0,1,1,0|69\r\n0,1,1,0,1,1,0|69\r\n0,1,1,0,1,1,0|69\r\n0,1,1,0,1,1,0|69\r\n0,1,1,0,1,1,0|69\r\n0,1,1,0,1,1,0|69\r\n0,1,1,0,1,1,0|69\r\n0,1,1,0,1,1,0|69\r\n0,1,1,0,1,1,0|69\r\n0,1,1,0,1,1,0|69\r\n0,1,1,0,1,1,0|69\r\n0,1,1,0,1,1,0|69\r\n0,1,1,0,1,1,0|69\r\n0,1,1,0,1,1,0|69\r\n0,1,1,0,1,1,0|69\r\n0,1,1,0,1,1,0|69\r\n0,1,1,0,1,1,0|69\r\n0,1,1,0,1,1,0|69\r\n0,1,1,0,1,1,0|69\r\n0,1,1,0,1,1,0|69\r\n0,1,1,0,1,1,0|69\r\n0,1,1,0,1,1,0|69\r\n0,1,1,0,1,1,0|69\r\n0,1,1,0,1,1,0|69\r\n0,1,1,0,1,1,0|69\r\n0,1,1,0,1,1,0|69\r\n0,1,1,0,1,1,0|69\r\n0,1,1,0,1,1,0|69\r\n0,1,1,0,1,1,0|69\r\n0,1,1,0,1,1,0|69\r\n0,1,1,0,1,1,0|69\r\n0,1,1,0,1,1,0|69\r\n0,1,1,0,1,1,0|69\r\n0,1,1,0,1,1,0|69\r\n0,1,1,0,1,1,0|69\r\n0,1,1,0,1,1,0|69\r\n0,1,1,0,1,1,0|69\r\n0,1,1,0,1,1,0|69\r\n0,1,1,0,1,1,0|69\r\n0,1,1,0,1,1,0|69\r\n0,1,1,0,1,1,0|69\r\n0,1,1,0,1,1,0|69\r\n0,1,1,0,1,1,0|69\r\n0,1,1,0,1,1,0|69\r\n0,1,1,0,1,1,0|69\r\n0,1,1,0,1,1,0|69\r\n0,1,1,0,1,1,0|69\r\n0,1,1,0,1,1,0|69\r\n0,1,1,0,1,1,0|69\r\n0,1,1,0,1,1,0|69\r\n0,1,1,0,1,1,0|69\r\n0,1,1,0,1,1,0|69\r\n0,1,1,0,1,1,0|69\r\n0,1,1,0,1,1,0|69\r\n0,1,1,0,1,1,0|69\r\n0,1,1,0,1,1,0|69\r\n0,1,1,0,1,1,0|69\r\n0,1,1,0,1,1,0|69\r\n0,1,1,0,1,1,0|69\r\n0,1,1,0,1,1,0|69\r\n0,1,1,0,1,1,0|69\r\n0,1,1,0,1,1,0|69\r\n0,1,1,0,1,1,0|69\r\n0,1,1,0,1,1,0|69\r\n0,1,1,0,1,1,0|69\r\n0,1,1,0,1,1,0|69\r\n0,1,1,0,1,1,0|69\r\n0,1,1,0,1,1,0|69\r\n0,1,1,0,1,1,0|69\r\n0,1,1,0,1,1,0|69\r\n0,1,1,0,1,1,0|69\r\n0,1,1,0,1,1,0|69\r\n0,1,1,0,1,1,0|69\r\n0,1,1,0,1,1,0|69\r\n0,1,1,0,1,1,0|69\r\n0,1,1,0,1,1,0|69\r\n0,1,1,0,1,1,0|69\r\n0,1,1,0,1,1,0|69\r\n0,1,1,0,1,1,0|69\r\n0,1,1,0,1,1,0|69\r\n0,1,1,0,1,1,0|69\r\n0,1,1,0,1,1,0|69\r\n0,1,1,0,1,1,0|69\r\n0,1,1,0,1,1,0|69\r\n0,1,1,0,1,1,0|69\r\n0,1,1,0,1,1,0|69\r\n0,1,1,0,1,1,0|69\r\n0,1,1,0,1,1,0|69\r\n0,1,1,0,1,1,0|69\r\n0,1,1,0,1,1,0|69\r\n0,1,1,0,1,1,0|69\r\n0,1,1,0,1,1,0|69\r\n0,1,1,0,1,1,0|69\r\n0,1,1,0,1,1,0|69\r\n0,1,1,0,1,1,0|69\r\n0,1,1,0,1,1,0|69\r\n0,1,1,0,1,1,0|69\r\n0,1,1,0,1,1,0|69\r\n0,1,1,0,1,1,0|69\r\n0,1,1,0,1,1,0|69\r\n0,1,1,0,1,1,0|69\r\n0,1,1,0,1,1,0|69\r\n0,1,1,0,1,1,0|69\r\n0,1,1,0,1,1,0|69\r\n0,1,1,0,1,1,0|69\r\n0,1,1,0,1,1,0|69\r\n0,1,1,0,1,1,0|69\r\n0,1,1,0,1,1,0|69\r\n0,1,1,0,1,1,0|69\r\n0,1,1,0,1,1,0|69\r\n0,1,1,0,1,1,0|69\r\n0,1,1,0,1,1,0|69\r\n0,1,1,0,1,1,0|69\r\n0,1,1,0,1,1,0|69\r\n0,1,1,0,1,1,0|69\r\n0,1,1,0,1,1,0|69\r\n0,1,1,0,1,1,0|69\r\n0,1,1,0,1,1,0|69\r\n0,1,1,0,1,1,0|69\r\n0,1,1,0,1,1,0|69\r\n0,1,1,0,1,1,0|69\r\n0,1,1,0,1,1,0|69\r\n0,1,1,0,1,1,0|69\r\n0,1,1,0,1,1,0|69\r\n0,1,1,0,1,1,0|69\r\n0,1,1,0,1,1,0|69\r\n0,1,1,0,1,1,0|69\r\n0,1,1,0,1,1,0|69\r\n0,1,1,0,1,1,0|69\r\n0,1,1,0,1,1,0|69\r\n0,1,1,0,1,1,0|69\r\n0,1,1,0,1,1,0|69\r\n0,1,1,0,1,1,0|69\r\n0,1,1,0,1,1,0|69\r\n0,1,1,0,1,1,0|69\r\n0,1,1,0,1,1,0|69\r\n0,1,1,0,1,1,0|69\r\n0,1,1,0,1,1,0|69\r\n0,1,1,0,1,1,0|69\r\n0,1,1,0,1,1,0|69\r\n0,1,1,0,1,1,0|69\r\n0,1,1,0,1,1,0|69\r\n0,1,1,0,1,1,0|69\r\n0,1,1,0,1,1,0|69\r\n0,1,1,0,1,1,0|69\r\n0,1,1,0,1,1,0|69\r\n0,1,1,0,1,1,0|69\r\n0,1,1,0,1,1,0|69\r\n0,1,1,0,1,1,0|69\r\n0,1,1,0,1,1,0|69\r\n0,1,1,0,1,1,0|69\r\n0,1,1,0,1,1,0|69\r\n0,1,1,0,1,1,0|69\r\n0,1,1,0,1,1,0|69\r\n0,1,1,0,1,1,0|69\r\n0,1,1,0,1,1,0|69\r\n0,1,1,0,1,1,0|69\r\n0,1,1,0,1,1,0|69\r\n0,1,1,0,1,1,0|69\r\n0,1,1,0,1,1,0|69\r\n0,1,1,0,1,1,0|69\r\n0,1,1,0,1,1,0|69\r\n0,1,1,0,1,1,0|69\r\n0,1,1,0,1,1,0|69\r\n0,1,1,0,1,1,0|69\r\n0,1,1,0,1,1,0|69\r\n0,1,1,0,1,1,0|69\r\n0,1,1,0,1,1,0|69\r\n0,1,1,0,1,1,0|69\r\n0,1,1,0,1,1,0|69\r\n0,1,1,0,1,1,0|69\r\n0,1,1,0,1,1,0|69\r\n0,1,1,0,1,1,0|69\r\n0,1,1,0,1,1,0|69\r\n0,1,1,0,1,1,0|69\r\n0,1,1,0,1,1,0|69\r\n0,1,1,0,1,1,0|69\r\n0,1,1,0,1,1,0|69\r\n0,1,1,0,1,1,0|69\r\n0,1,1,0,1,1,0|69\r\n0,1,1,0,1,1,0|69\r\n0,1,1,0,1,1,0|69\r\n0,1,1,0,1,1,0|69\r\n0,1,1,0,1,1,0|69\r\n0,1,1,0,1,1,0|69\r\n0,1,1,0,1,1,0|69\r\n0,1,1,0,1,1,0|69\r\n0,1,1,0,1,1,0|69\r\n0,1,1,0,1,1,0|69\r\n0,1,1,0,1,1,0|69\r\n0,1,1,0,1,1,0|69\r\n0,1,1,0,1,1,0|69\r\n0,1,1,0,1,1,0|69\r\n0,1,1,0,1,1,0|69\r\n0,1,1,0,1,1,0|69\r\n0,1,1,0,1,1,0|69\r\n0,1,1,0,1,1,0|69\r\n0,1,1,0,1,1,0|69\r\n0,1,1,0,1,1,0|69\r\n0,1,1,0,1,1,0|69\r\n0,1,1,0,1,1,0|69\r\n0,1,1,0,1,1,0|69\r\n0,1,1,0,1,1,0|69\r\n0,1,1,0,1,1,0|69\r\n0,1,1,0,1,1,0|69\r\n0,1,1,0,1,1,0|69\r\n0,1,1,0,1,1,0|69\r\n0,1,1,0,1,1,0|69\r\n0,1,1,0,1,1,0|69\r\n0,1,1,0,1,1,0|69\r\n0,1,1,0,1,1,0|69\r\n0,1,1,0,1,1,0|69\r\n0,1,1,0,1,1,0|69\r\n0,1,1,0,1,1,0|69\r\n0,1,1,0,1,1,0|69\r\n0,1,1,0,1,1,0|69\r\n0,1,1,0,1,1,0|69\r\n0,1,1,0,1,1,0|69\r\n0,1,1,0,1,1,0|69\r\n0,1,1,0,1,1,0|69\r\n0,1,1,0,1,1,0|69\r\n0,1,1,0,1,1,0|69\r\n0,1,1,0,1,1,0|69\r\n0,1,1,0,1,1,0|69\r\n0,1,1,0,1,1,0|69\r\n0,1,1,0,1,1,0|69\r\n0,1,1,0,1,1,0|69\r\n0,1,1,0,1,1,0|69\r\n0,1,1,0,1,1,0|69\r\n0,1,1,0,1,1,0|69\r\n0,1,1,0,1,1,0|69\r\n0,1,1,0,1,1,0|69\r\n0,1,1,0,1,1,0|69\r\n0,1,1,0,1,1,0|69\r\n0,1,1,0,1,1,0|69\r\n0,1,1,0,1,1,0|69\r\n0,1,1,0,1,1,0|69\r\n0,1,1,0,1,1,0|69\r\n0,1,1,0,1,1,0|69\r\n0,1,1,0,1,1,0|69\r\n0,1,1,0,1,1,0|69\r\n0,1,1,0,1,1,0|69\r\n0,1,1,0,1,1,0|69\r\n0,1,1,0,1,1,0|69\r\n0,1,1,0,1,1,0|69\r\n0,1,1,0,1,1,0|69\r\n0,1,1,0,1,1,0|69\r\n0,1,1,0,1,1,0|69\r\n0,1,1,0,1,1,0|69\r\n0,1,1,0,1,1,0|69\r\n0,1,1,0,1,1,0|69\r\n0,1,1,0,1,1,0|69\r\n0,1,1,0,1,1,0|69\r\n0,1,1,0,1,1,0|69\r\n0,1,1,0,1,1,0|69\r\n0,1,1,0,1,1,0|69\r\n0,1,1,0,1,1,0|69\r\n0,1,1,0,1,1,0|69\r\n0,1,1,0,1,1,0|69\r\n0,1,1,0,1,1,0|69\r\n0,1,1,0,1,1,0|69\r\n0,1,1,0,1,1,0|69\r\n0,1,1,0,1,1,0|69\r\n0,1,1,0,1,1,0|69\r\n0,1,1,0,1,1,0|69\r\n0,1,1,0,1,1,0|69\r\n0,1,1,0,1,1,0|69\r\n0,1,1,0,1,1,0|69\r\n0,1,1,0,1,1,0|69\r\n0,1,1,0,1,1,0|69\r\n0,1,1,0,1,1,0|69\r\n0,1,1,0,1,1,0|69\r\n0,1,1,0,1,1,0|69\r\n0,1,1,0,1,1,0|69\r\n0,1,1,0,1,1,0|69\r\n0,1,1,0,1,1,0|69\r\n0,1,1,0,1,1,0|69\r\n0,1,1,0,1,1,0|69\r\n0,1,1,0,1,1,0|69\r\n0,1,1,0,1,1,0|69\r\n0,1,1,0,1,1,0|69\r\n0,1,1,0,1,1,0|69\r\n0,1,1,0,1,1,0|69\r\n0,1,1,0,1,1,0|69\r\n0,1,1,0,1,1,0|69\r\n0,1,1,0,1,1,0|69\r\n0,1,1,0,1,1,0|69\r\n0,1,1,0,1,1,0|69\r\n0,1,1,0,1,1,0|69\r\n0,1,1,0,1,1,0|69\r\n0,1,1,0,1,1,0|69\r\n0,1,1,0,1,1,0|69\r\n0,1,1,0,1,1,0|69\r\n0,1,1,0,1,1,0|69\r\n0,1,1,0,1,1,0|69\r\n0,1,1,0,1,1,0|69\r\n0,1,1,0,1,1,0|69\r\n0,1,1,0,1,1,0|69\r\n0,1,1,0,1,1,0|69\r\n0,1,1,0,1,1,0|69\r\n0,1,1,0,1,1,0|69\r\n0,1,1,0,1,1,0|69\r\n0,1,1,0,1,1,0|69\r\n0,1,1,0,1,1,0|69\r\n0,1,1,0,1,1,0|69\r\n0,1,1,0,1,1,0|69\r\n0,1,1,0,1,1,0|69\r\n0,1,1,0,1,1,0|69\r\n0,1,1,0,1,1,0|69\r\n0,1,1,0,1,1,0|69\r\n0,1,1,0,1,1,0|69\r\n0,1,1,0,1,1,0|69\r\n0,1,1,0,1,1,0|69\r\n0,1,1,0,1,1,0|69\r\n0,1,1,0,1,1,0|69\r\n0,1,1,0,1,1,0|69\r\n0,1,1,0,1,1,0|69\r\n0,1,1,0,1,1,0|69\r\n0,1,1,0,1,1,0|69\r\n0,1,1,0,1,1,0|69\r\n0,1,1,0,1,1,0|69\r\n0,1,1,0,1,1,0|69\r\n0,1,1,0,1,1,0|69\r\n0,1,1,0,1,1,0|69\r\n0,1,1,0,1,1,0|69\r\n0,1,1,0,1,1,0|69\r\n0,1,1,0,1,1,0|69\r\n0,1,1,0,1,1,0|69\r\n0,1,1,0,1,1,0|69\r\n0,1,1,0,1,1,0|69\r\n0,1,1,0,1,1,0|69\r\n0,1,1,0,1,1,0|69\r\n0,1,1,0,1,1,0|69\r\n0,1,1,0,1,1,0|69\r\n0,1,1,0,1,1,0|69\r\n0,1,1,0,1,1,0|69\r\n0,1,1,0,1,1,0|69\r\n0,1,1,0,1,1,0|69\r\n0,1,1,0,1,1,0|69\r\n0,1,1,0,1,1,0|69\r\n0,1,1,0,1,1,0|69\r\n0,1,1,0,1,1,0|69\r\n0,1,1,0,1,1,0|69\r\n0,1,1,0,1,1,0|69\r\n0,1,1,0,1,1,0|69\r\n0,1,1,0,1,1,0|69\r\n0,1,1,0,1,1,0|69\r\n0,1,1,0,1,1,0|69\r\n0,1,1,0,1,1,0|69\r\n0,1,1,0,1,1,0|69\r\n0,1,1,0,1,1,0|69\r\n0,1,1,0,1,1,0|69\r\n0,1,1,0,1,1,0|69\r\n0,1,1,0,1,1,0|69\r\n0,1,1,0,1,1,0|69\r\n0,1,1,0,1,1,0|69\r\n0,1,1,0,1,1,0|69\r\n0,1,1,0,1,1,0|69\r\n0,1,1,0,1,1,0|69\r\n0,1,1,0,1,1,0|69\r\n0,1,1,0,1,1,0|69\r\n0,1,1,0,1,1,0|69\r\n0,1,1,0,1,1,0|69\r\n0,1,1,0,1,1,0|69\r\n0,1,1,0,1,1,0|69\r\n0,1,1,0,1,1,0|69\r\n0,1,1,0,1,1,0|69\r\n0,1,1,0,1,1,0|69\r\n0,1,1,0,1,1,0|69\r\n0,1,1,0,1,1,0|69\r\n0,1,1,0,1,1,0|69\r\n0,1,1,0,1,1,0|69\r\n0,1,1,0,1,1,0|69\r\n0,1,1,0,1,1,0|69\r\n0,1,1,0,1,1,0|69\r\n0,1,1,0,1,1,0|69\r\n0,1,1,0,1,1,0|69\r\n0,1,1,0,1,1,0|69\r\n0,1,1,0,1,1,0|69\r\n0,1,1,0,1,1,0|69\r\n0,1,1,0,1,1,0|69\r\n0,1,1,0,1,1,0|69\r\n0,1,1,0,1,1,0|69\r\n0,1,1,0,1,1,0|69\r\n0,1,1,0,1,1,0|69\r\n0,1,1,0,1,1,0|69\r\n0,1,1,0,1,1,0|69\r\n0,1,1,0,1,1,0|69\r\n0,1,1,0,1,1,0|69\r\n0,1,1,0,1,1,0|69\r\n0,1,1,0,1,1,0|69\r\n0,1,1,0,1,1,0|69\r\n0,1,1,0,1,1,0|69\r\n0,1,1,0,1,1,0|69\r\n0,1,1,0,1,1,0|69\r\n0,1,1,0,1,1,0|69\r\n0,1,1,0,1,1,0|69\r\n0,1,1,0,1,1,0|69\r\n0,1,1,0,1,1,0|69\r\n0,1,1,0,1,1,0|69\r\n0,1,1,0,1,1,0|69\r\n0,1,1,0,1,1,0|69\r\n0,1,1,0,1,1,0|69\r\n0,1,1,0,1,1,0|69\r\n0,1,1,0,1,1,0|69\r\n0,1,1,0,1,1,0|69\r\n0,1,1,0,1,1,0|69\r\n0,1,1,0,1,1,0|69\r\n0,1,1,0,1,1,0|69\r\n0,1,1,0,1,1,0|69\r\n0,1,1,0,1,1,0|69\r\n0,1,1,0,1,1,0|69\r\n0,1,1,0,1,1,0|69\r\n0,1,1,0,1,1,0|69\r\n0,1,1,0,1,1,0|69\r\n0,1,1,0,1,1,0|69\r\n0,1,1,0,1,1,0|69\r\n0,1,1,0,1,1,0|69\r\n0,1,1,0,1,1,0|69\r\n0,1,1,0,1,1,0|69\r\n0,1,1,0,1,1,0|69\r\n0,1,1,0,1,1,0|69\r\n0,1,1,0,1,1,0|69\r\n0,1,1,0,1,1,0|69\r\n0,1,1,0,1,1,0|69\r\n0,1,1,0,1,1,0|69\r\n0,1,1,0,1,1,0|69\r\n0,1,1,0,1,1,0|69\r\n0,1,1,0,1,1,0|69\r\n0,1,1,0,1,1,0|69\r\n0,1,1,0,1,1,0|69\r\n0,1,1,0,1,1,0|69\r\n0,1,1,0,1,1,0|69\r\n0,1,1,0,1,1,0|69\r\n0,1,1,0,1,1,0|69\r\n0,1,1,0,1,1,0|69\r\n0,1,1,0,1,1,0|69\r\n0,1,1,0,1,1,0|69\r\n0,1,1,0,1,1,0|69\r\n0,1,1,0,1,1,0|69\r\n0,1,1,0,1,1,0|69\r\n0,1,1,0,1,1,0|69\r\n0,1,1,0,1,1,0|69\r\n0,1,1,0,1,1,0|69\r\n0,1,1,0,1,1,0|69\r\n0,1,1,0,1,1,0|69\r\n0,1,1,0,1,1,0|69\r\n0,1,1,0,1,1,0|69\r\n0,1,1,0,1,1,0|69\r\n0,1,1,0,1,1,0|69\r\n0,1,1,0,1,1,0|69\r\n0,1,1,0,1,1,0|69\r\n0,1,1,0,1,1,0|69\r\n0,1,1,0,1,1,0|69\r\n0,1,1,0,1,1,0|69\r\n0,1,1,0,1,1,0|69\r\n0,1,1,0,1,1,0|69\r\n0,1,1,0,1,1,0|69\r\n0,1,1,0,1,1,0|69\r\n0,1,1,0,1,1,0|69\r\n0,1,1,0,1,1,0|69\r\n0,1,1,0,1,1,0|69\r\n0,1,1,0,1,1,0|69\r\n0,1,1,0,1,1,0|69\r\n0,1,1,0,1,1,0|69\r\n0,1,1,0,1,1,0|69\r\n0,1,1,0,1,1,0|69\r\n0,1,1,0,1,1,0|69\r\n0,1,1,0,1,1,0|69\r\n0,1,1,0,1,1,0|69\r\n0,1,1,0,1,1,0|69\r\n0,1,1,0,1,1,0|69\r\n0,1,1,0,1,1,0|69\r\n0,1,1,0,1,1,0|69\r\n0,1,1,0,1,1,0|69\r\n0,1,1,0,1,1,0|69\r\n0,1,1,0,1,1,0|69\r\n0,1,1,0,1,1,0|69\r\n0,1,1,0,1,1,0|69\r\n0,1,1,0,1,1,0|69\r\n0,1,1,0,1,1,0|69\r\n0,1,1,0,1,1,0|69\r\n0,1,1,0,1,1,0|69\r\n0,1,1,0,1,1,0|69\r\n0,1,1,0,1,1,0|69\r\n0,1,1,0,1,1,0|69\r\n0,1,1,0,1,1,0|69\r\n0,1,1,0,1,1,0|69\r\n0,1,1,0,1,1,0|69\r\n0,1,1,0,1,1,0|69\r\n0,1,1,0,1,1,0|69\r\n0,1,1,0,1,1,0|69\r\n0,1,1,0,1,1,0|69\r\n0,1,1,0,1,1,0|69\r\n0,1,1,0,1,1,0|69\r\n0,1,1,0,1,1,0|69\r\n0,1,1,0,1,1,0|69\r\n0,1,1,0,1,1,0|69\r\n0,1,1,0,1,1,0|69\r\n0,1,1,0,1,1,0|69\r\n0,1,1,0,1,1,0|69\r\n0,1,1,0,1,1,0|69\r\n0,1,1,0,1,1,0|69\r\n0,1,1,0,1,1,0|69\r\n0,1,1,0,1,1,0|69\r\n0,1,1,0,1,1,0|69\r\n0,1,1,0,1,1,0|69\r\n0,1,1,0,1,1,0|69\r\n0,1,1,0,1,1,0|69\r\n0,1,1,0,1,1,0|69\r\n0,1,1,0,1,1,0|69\r\n0,1,1,0,1,1,0|69\r\n0,1,1,0,1,1,0|69\r\n0,1,1,0,1,1,0|69\r\n0,1,1,0,1,1,0|69\r\n0,1,1,0,1,1,0|69\r\n0,1,1,0,1,1,0|69\r\n0,1,1,0,1,1,0|69\r\n0,1,1,0,1,1,0|69\r\n0,1,1,0,1,1,0|69\r\n0,1,1,0,1,1,0|69\r\n0,1,1,0,1,1,0|69\r\n0,1,1,0,1,1,0|69\r\n0,1,1,0,1,1,0|69\r\n0,1,1,0,1,1,0|69\r\n0,1,1,0,1,1,0|69\r\n0,1,1,0,1,1,0|69\r\n0,1,1,0,1,1,0|69\r\n0,1,1,0,1,1,0|69\r\n0,1,1,0,1,1,0|69\r\n0,1,1,0,1,1,0|69\r\n0,1,1,0,1,1,0|69\r\n0,1,1,0,1,1,0|69\r\n0,1,1,0,1,1,0|69\r\n0,1,1,0,1,1,0|69\r\n0,1,1,0,1,1,0|69\r\n0,1,1,0,1,1,0|69\r\n0,1,1,0,1,1,0|69\r\n0,1,1,0,1,1,0|69\r\n0,1,1,0,1,1,0|69\r\n0,1,1,0,1,1,0|69\r\n0,1,1,0,1,1,0|69\r\n0,1,1,0,1,1,0|69\r\n0,1,1,0,1,1,0|69\r\n0,1,1,0,1,1,0|69\r\n0,1,1,0,1,1,0|69\r\n0,1,1,0,1,1,0|69\r\n0,1,1,0,1,1,0|69\r\n0,1,1,0,1,1,0|69\r\n0,1,1,0,1,1,0|69\r\n0,1,1,0,1,1,0|69\r\n0,1,1,0,1,1,0|69\r\n0,1,1,0,1,1,0|69\r\n0,1,1,0,1,1,0|69\r\n0,1,1,0,1,1,0|69\r\n0,1,1,0,1,1,0|69\r\n0,1,1,0,1,1,0|69\r\n0,1,1,0,1,1,0|69\r\n0,1,1,0,1,1,0|69\r\n0,1,1,0,1,1,0|69\r\n0,1,1,0,1,1,0|69\r\n0,1,1,0,1,1,0|69\r\n0,1,1,0,1,1,0|69\r\n0,1,1,0,1,1,0|69\r\n0,1,1,0,1,1,0|69\r\n0,1,1,0,1,1,0|69\r\n0,1,1,0,1,1,0|69\r\n0,1,1,0,1,1,0|69\r\n0,1,1,0,1,1,0|69\r\n0,1,1,0,1,1,0|69\r\n0,1,1,0,1,1,0|69\r\n0,1,1,0,1,1,0|69\r\n0,1,1,0,1,1,0|69\r\n0,1,1,0,1,1,0|69\r\n0,1,1,0,1,1,0|69\r\n0,1,1,0,1,1,0|69\r\n0,1,1,0,1,1,0|69\r\n0,1,1,0,1,1,0|69\r\n0,1,1,0,1,1,0|69\r\n0,1,1,0,1,1,0|69\r\n0,1,1,0,1,1,0|69\r\n0,1,1,0,1,1,0|69\r\n0,1,1,0,1,1,0|69\r\n0,1,1,0,1,1,0|69\r\n0,1,1,0,1,1,0|69\r\n0,1,1,0,1,1,0|69\r\n0,1,1,0,1,1,0|69\r\n0,1,1,0,1,1,0|69\r\n0,1,1,0,1,1,0|69\r\n0,1,1,0,1,1,0|69\r\n0,1,1,0,1,1,0|69\r\n0,1,1,0,1,1,0|69\r\n0,1,1,0,1,1,0|69\r\n0,1,1,0,1,1,0|69\r\n0,1,1,0,1,1,0|69\r\n0,1,1,0,1,1,0|69\r\n0,1,1,0,1,1,0|69\r\n0,1,1,0,1,1,0|69\r\n0,1,1,0,1,1,0|69\r\n0,1,1,0,1,1,0|69\r\n0,1,1,0,1,1,0|69\r\n0,1,1,0,1,1,0|69\r\n0,1,1,0,1,1,0|69\r\n0,1,1,0,1,1,0|69\r\n0,1,1,0,1,1,0|69\r\n0,1,1,0,1,1,0|69\r\n0,1,1,0,1,1,0|69\r\n0,1,1,0,1,1,0|69\r\n0,1,1,0,1,1,0|69\r\n0,1,1,0,1,1,0|69\r\n0,1,1,0,1,1,0|69\r\n0,1,1,0,1,1,0|69\r\n0,1,1,0,1,1,0|69\r\n0,1,1,0,1,1,0|69\r\n0,1,1,0,1,1,0|69\r\n0,1,1,0,1,1,0|69\r\n0,1,1,0,1,1,0|69\r\n0,1,1,0,1,1,0|69\r\n0,1,1,0,1,1,0|69\r\n0,1,1,0,1,1,0|69\r\n0,1,1,0,1,1,0|69\r\n0,1,1,0,1,1,0|69\r\n0,1,1,0,1,1,0|69\r\n0,1,1,0,1,1,0|69\r\n0,1,1,0,1,1,0|69\r\n0,1,1,0,1,1,0|69\r\n0,1,1,0,1,1,0|69\r\n0,1,1,0,1,1,0|69\r\n0,1,1,0,1,1,0|69\r\n0,1,1,0,1,1,0|69\r\n0,1,1,0,1,1,0|69\r\n0,1,1,0,1,1,0|69\r\n0,1,1,0,1,1,0|69\r\n0,1,1,0,1,1,0|69\r\n0,1,1,0,1,1,0|69\r\n0,1,1,0,1,1,0|69\r\n0,1,1,0,1,1,0|69\r\n0,1,1,0,1,1,0|69\r\n0,1,1,0,1,1,0|69\r\n0,1,1,0,1,1,0|69\r\n0,1,1,0,1,1,0|69\r\n0,1,1,0,1,1,0|69\r\n0,1,1,0,1,1,0|69\r\n0,1,1,0,1,1,0|69\r\n0,1,1,0,1,1,0|69\r\n0,1,1,0,1,1,0|69\r\n0,1,1,0,1,1,0|69\r\n0,1,1,0,1,1,0|69\r\n0,1,1,0,1,1,0|69\r\n0,1,1,0,1,1,0|69\r\n0,1,1,0,1,1,0|69\r\n0,1,1,0,1,1,0|69\r\n0,1,1,0,1,1,0|69\r\n0,1,1,0,1,1,0|69\r\n0,1,1,0,1,1,0|69\r\n0,1,1,0,1,1,0|69\r\n0,1,1,0,1,1,0|69\r\n0,1,1,0,1,1,0|69\r\n0,1,1,0,1,1,0|69\r\n0,1,1,0,1,1,0|69\r\n0,1,1,0,1,1,0|69\r\n0,1,1,0,1,1,0|69\r\n0,1,1,0,1,1,0|69\r\n0,1,1,0,1,1,0|69\r\n0,1,1,0,1,1,0|69\r\n0,1,1,0,1,1,0|69\r\n0,1,1,0,1,1,0|69\r\n0,1,1,0,1,1,0|69\r\n0,1,1,0,1,1,0|69\r\n0,1,1,0,1,1,0|69\r\n0,1,1,0,1,1,0|69\r\n0,1,1,0,1,1,0|69\r\n0,1,1,0,1,1,0|69\r\n0,1,1,0,1,1,0|69\r\n0,1,1,0,1,1,0|69\r\n0,1,1,0,1,1,0|69\r\n0,1,1,0,1,1,0|69\r\n0,1,1,0,1,1,0|69\r\n0,1,1,0,1,1,0|69\r\n0,1,1,0,1,1,0|69\r\n0,1,1,0,1,1,0|69\r\n0,1,1,0,1,1,0|69\r\n0,1,1,0,1,1,0|69\r\n0,1,1,0,1,1,0|69\r\n0,1,1,0,1,1,0|69\r\n0,1,1,0,1,1,0|69\r\n0,1,1,0,1,1,0|69\r\n0,1,1,0,1,1,0|69\r\n0,1,1,0,1,1,0|69\r\n0,1,1,0,1,1,0|69\r\n0,1,1,0,1,1,0|69\r\n0,1,1,0,1,1,0|69\r\n0,1,1,0,1,1,0|69\r\n0,1,1,0,1,1,0|69\r\n0,1,1,0,1,1,0|69\r\n0,1,1,0,1,1,0|69\r\n0,1,1,0,1,1,0|69\r\n0,1,1,0,1,1,0|69\r\n0,1,1,0,1,1,0|69\r\n0,1,1,0,1,1,0|69\r\n0,1,1,0,1,1,0|69\r\n0,1,1,0,1,1,0|69\r\n0,1,1,0,1,1,0|69\r\n0,1,1,0,1,1,0|69\r\n0,1,1,0,1,1,0|69\r\n0,1,1,0,1,1,0|69\r\n0,1,1,0,1,1,0|69\r\n0,1,1,0,1,1,0|69\r\n0,1,1,0,1,1,0|69\r\n0,1,1,0,1,1,0|69\r\n0,1,1,0,1,1,0|69\r\n0,1,1,0,1,1,0|69\r\n0,1,1,0,1,1,0|69\r\n0,1,1,0,1,1,0|69\r\n0,1,1,0,1,1,0|69\r\n0,1,1,0,1,1,0|69\r\n0,1,1,0,1,1,0|69\r\n0,1,1,0,1,1,0|69\r\n0,1,1,0,1,1,0|69\r\n0,1,1,0,1,1,0|69\r\n0,1,1,0,1,1,0|69\r\n0,1,1,0,1,1,0|69\r\n0,1,1,0,1,1,0|69\r\n0,1,1,0,1,1,0|69\r\n0,1,1,0,1,1,0|69\r\n0,1,1,0,1,1,0|69\r\n0,1,1,0,1,1,0|69\r\n0,1,1,0,1,1,0|69\r\n0,1,1,0,1,1,0|69\r\n0,1,1,0,1,1,0|69\r\n0,1,1,0,1,1,0|69\r\n0,1,1,0,1,1,0|69\r\n0,1,1,0,1,1,0|69\r\n0,1,1,0,1,1,0|69\r\n0,1,1,0,1,1,0|69\r\n0,1,1,0,1,1,0|69\r\n0,1,1,0,1,1,0|69\r\n0,1,1,0,1,1,0|69\r\n0,1,1,0,1,1,0|69\r\n0,1,1,0,1,1,0|69\r\n0,1,1,0,1,1,0|69\r\n0,1,1,0,1,1,0|69\r\n0,1,1,0,1,1,0|69\r\n0,1,1,0,1,1,0|69\r\n0,1,1,0,1,1,0|69\r\n0,1,1,0,1,1,0|69\r\n0,1,1,0,1,1,0|69\r\n0,1,1,0,1,1,0|69\r\n0,1,1,0,1,1,0|69\r\n0,1,1,0,1,1,0|69\r\n0,1,1,0,1,1,0|69\r\n0,1,1,0,1,1,0|69\r\n0,1,1,0,1,1,0|69\r\n0,1,1,0,1,1,0|69\r\n0,1,1,0,1,1,0|69\r\n0,1,1,0,1,1,0|69\r\n0,1,1,0,1,1,0|69\r\n0,1,1,0,1,1,0|69\r\n0,1,1,0,1,1,0|69\r\n0,1,1,0,1,1,0|69\r\n0,1,1,0,1,1,0|69\r\n0,1,1,0,1,1,0|69\r\n0,1,1,0,1,1,0|69\r\n0,1,1,0,1,1,0|69\r\n0,1,1,0,1,1,0|69\r\n0,1,1,0,1,1,0|69\r\n0,1,1,0,1,1,0|69\r\n0,1,1,0,1,1,0|69\r\n0,1,1,0,1,1,0|69\r\n0,1,1,0,1,1,0|69\r\n0,1,1,0,1,1,0|69\r\n0,1,1,0,1,1,0|69\r\n0,1,1,0,1,1,0|69\r\n0,1,1,0,1,1,0|69\r\n0,1,1,0,1,1,0|69\r\n0,1,1,0,1,1,0|69\r\n0,1,1,0,1,1,0|69\r\n0,1,1,0,1,1,0|69\r\n0,1,1,0,1,1,0|69\r\n0,1,1,0,1,1,0|69\r\n0,1,1,0,1,1,0|69\r\n0,1,1,0,1,1,0|69\r\n0,1,1,0,1,1,0|69\r\n0,1,1,0,1,1,0|69\r\n0,1,1,0,1,1,0|69\r\n0,1,1,0,1,1,0|69\r\n0,1,1,0,1,1,0|69\r\n0,1,1,0,1,1,0|69\r\n0,1,1,0,1,1,0|69\r\n0,1,1,0,1,1,0|69\r\n0,1,1,0,1,1,0|69\r\n0,1,1,0,1,1,0|69\r\n0,1,1,0,1,1,0|69\r\n0,1,1,0,1,1,0|69\r\n0,1,1,0,1,1,0|69\r\n0,1,1,0,1,1,0|69\r\n0,1,1,0,1,1,0|69\r\n0,1,1,0,1,1,0|69\r\n0,1,1,0,1,1,0|69\r\n0,1,1,0,1,1,0|69\r\n0,1,1,0,1,1,0|69\r\n0,1,1,0,1,1,0|69\r\n0,1,1,0,1,1,0|69\r\n0,1,1,0,1,1,0|69\r\n0,1,1,0,1,1,0|69\r\n0,1,1,0,1,1,0|69\r\n0,1,1,0,1,1,0|69\r\n0,1,1,0,1,1,0|69\r\n0,1,1,0,1,1,0|69\r\n0,1,1,0,1,1,0|69\r\n0,1,1,0,1,1,0|69\r\n0,1,1,0,1,1,0|69\r\n0,1,1,0,1,1,0|69\r\n0,1,1,0,1,1,0|69\r\n0,1,1,0,1,1,0|69\r\n0,1,1,0,1,1,0|69\r\n0,1,1,0,1,1,0|69\r\n0,1,1,0,1,1,0|69\r\n0,1,1,0,1,1,0|69\r\n0,1,1,0,1,1,0|69\r\n0,1,1,0,1,1,0|69\r\n0,1,1,0,1,1,0|69\r\n0,1,1,0,1,1,0|69\r\n0,1,1,0,1,1,0|69\r\n0,1,1,0,1,1,0|69\r\n0,1,1,0,1,1,0|69\r\n0,1,1,0,1,1,0|69\r\n0,1,1,0,1,1,0|69\r\n0,1,1,0,1,1,0|69\r\n0,1,1,0,1,1,0|69\r\n0,1,1,0,1,1,0|69\r\n0,1,1,0,1,1,0|69\r\n0,1,1,0,1,1,0|69\r\n0,1,1,0,1,1,0|69\r\n0,1,1,0,1,1,0|69\r\n0,1,1,0,1,1,0|69\r\n0,1,1,0,1,1,0|69\r\n0,1,1,0,1,1,0|69\r\n0,1,1,0,1,1,0|69\r\n0,1,1,0,1,1,0|69\r\n0,1,1,0,1,1,0|69\r\n0,1,1,0,1,1,0|69\r\n0,1,1,0,1,1,0|69\r\n0,1,1,0,1,1,0|69\r\n0,1,1,0,1,1,0|69\r\n0,1,1,0,1,1,0|69\r\n0,1,1,0,1,1,0|69\r\n0,1,1,0,1,1,0|69\r\n0,1,1,0,1,1,0|69\r\n0,1,1,0,1,1,0|69\r\n0,1,1,0,1,1,0|69\r\n0,1,1,0,1,1,0|69\r\n0,1,1,0,1,1,0|69\r\n0,1,1,0,1,1,0|69\r\n0,1,1,0,1,1,0|69\r\n0,1,1,0,1,1,0|69\r\n0,1,1,0,1,1,0|69\r\n0,1,1,0,1,1,0|69\r\n0,1,1,0,1,1,0|69\r\n0,1,1,0,1,1,0|69\r\n0,1,1,0,1,1,0|69\r\n0,1,1,0,1,1,0|69\r\n0,1,1,0,1,1,0|69\r\n0,1,1,0,1,1,0|69\r\n0,1,1,0,1,1,0|69\r\n0,1,1,0,1,1,0|69\r\n0,1,1,0,1,1,0|69\r\n0,1,1,0,1,1,0|69\r\n0,1,1,0,1,1,0|69\r\n0,1,1,0,1,1,0|69\r\n0,1,1,0,1,1,0|69\r\n0,1,1,0,1,1,0|69\r\n0,1,1,0,1,1,0|69\r\n0,1,1,0,1,1,0|69\r\n0,1,1,0,1,1,0|69\r\n0,1,1,0,1,1,0|69\r\n0,1,1,0,1,1,0|69\r\n0,1,1,0,1,1,0|69\r\n0,1,1,0,1,1,0|69\r\n0,1,1,0,1,1,0|69\r\n0,1,1,0,1,1,0|69\r\n0,1,1,0,1,1,0|69\r\n0,1,1,0,1,1,0|69\r\n0,1,1,0,1,1,0|69\r\n0,1,1,0,1,1,0|69\r\n0,1,1,0,1,1,0|69\r\n0,1,1,0,1,1,0|69\r\n0,1,1,0,1,1,0|69\r\n0,1,1,0,1,1,0|69\r\n0,1,1,0,1,1,0|69\r\n0,1,1,0,1,1,0|69\r\n0,1,1,0,1,1,0|69\r\n0,1,1,0,1,1,0|69\r\n0,1,1,0,1,1,0|69\r\n0,1,1,0,1,1,0|69\r\n0,1,1,0,1,1,0|69\r\n0,1,1,0,1,1,0|69\r\n0,1,1,0,1,1,0|69\r\n0,1,1,0,1,1,0|69\r\n0,1,1,0,1,1,0|69\r\n0,1,1,0,1,1,0|69\r\n0,1,1,0,1,1,0|69\r\n0,1,1,0,1,1,0|69\r\n0,1,1,0,1,1,0|69\r\n0,1,1,0,1,1,0|69\r\n0,1,1,0,1,1,0|69\r\n0,1,1,0,1,1,0|69\r\n0,1,1,0,1,1,0|69\r\n0,1,1,0,1,1,0|69\r\n0,1,1,0,1,1,0|69\r\n0,1,1,0,1,1,0|69\r\n0,1,1,0,1,1,0|69\r\n0,1,1,0,1,1,0|69\r\n0,1,1,0,1,1,0|69\r\n0,1,1,0,1,1,0|69\r\n0,1,1,0,1,1,0|69\r\n0,1,1,0,1,1,0|69\r\n0,1,1,0,1,1,0|69\r\n0,1,1,0,1,1,0|69\r\n0,1,1,0,1,1,0|69\r\n0,1,1,0,1,1,0|69\r\n0,1,1,0,1,1,0|69\r\n0,1,1,0,1,1,0|69\r\n0,1,1,0,1,1,0|69\r\n0,1,1,0,1,1,0|69\r\n0,1,1,0,1,1,0|69\r\n0,1,1,0,1,1,0|69\r\n0,1,1,0,1,1,0|69\r\n0,1,1,0,1,1,0|69\r\n0,1,1,0,1,1,0|69\r\n0,1,1,0,1,1,0|69\r\n0,1,1,0,1,1,0|69\r\n0,1,1,0,1,1,0|69\r\n0,1,1,0,1,1,0|69\r\n0,1,1,0,1,1,0|69\r\n0,1,1,0,1,1,0|69\r\n0,1,1,0,1,1,0|69\r\n0,1,1,0,1,1,0|69\r\n0,1,1,0,1,1,0|69\r\n0,1,1,0,1,1,0|69\r\n0,1,1,0,1,1,0|69\r\n0,1,1,0,1,1,0|69\r\n0,1,1,0,1,1,0|69\r\n0,1,1,0,1,1,0|69\r\n0,1,1,0,1,1,0|69\r\n0,1,1,0,1,1,0|69\r\n0,1,1,0,1,1,0|69\r\n0,1,1,0,1,1,0|69\r\n0,1,1,0,1,1,0|69\r\n0,1,1,0,1,1,0|69\r\n0,1,1,0,1,1,0|69\r\n0,1,1,0,1,1,0|69\r\n0,1,1,0,1,1,0|69\r\n0,1,1,0,1,1,0|69\r\n0,1,1,0,1,1,0|69\r\n0,1,1,0,1,1,0|69\r\n0,1,1,0,1,1,0|69\r\n0,1,1,0,1,1,0|69\r\n0,1,1,0,1,1,0|69\r\n0,1,1,0,1,1,0|69\r\n0,1,1,0,1,1,0|69\r\n0,1,1,0,1,1,0|69\r\n0,1,1,0,1,1,0|69\r\n0,1,1,0,1,1,0|69\r\n0,1,1,0,1,1,0|69\r\n0,1,1,0,1,1,0|69\r\n0,1,1,0,1,1,0|69\r\n0,1,1,0,1,1,0|69\r\n0,1,1,0,1,1,0|69\r\n0,1,1,0,1,1,0|69\r\n0,1,1,0,1,1,0|69\r\n0,1,1,0,1,1,0|69\r\n0,1,1,0,1,1,0|69\r\n0,1,1,0,1,1,0|69\r\n0,1,1,0,1,1,0|69\r\n0,1,1,0,1,1,0|69\r\n0,1,1,0,1,1,0|69\r\n0,1,1,0,1,1,0|69\r\n0,1,1,0,1,1,0|69\r\n0,1,1,0,1,1,0|69\r\n0,1,1,0,1,1,0|69\r\n0,1,1,0,1,1,0|69\r\n0,1,1,0,1,1,0|69\r\n0,1,1,0,1,1,0|69\r\n0,1,1,0,1,1,0|69\r\n0,1,1,0,1,1,0|69\r\n0,1,1,0,1,1,0|69\r\n
0,1,1,0,1,1,0|69\r\n0,1,1,0,1,1,0|69\r\n0,1,1,0,1,1,0|69\r\n0,1,1,0,1,1,0|69\r\n0,1,1,0,1,1,0|69\r\n0,1,1,0,1,1,0|69\r\n0,1,1,0,1,1,0|69\r\n0,1,1,0,1,1,0|69\r\n0,1,1,0,1,1,0|69\r\n0,1,1,0,1,1,0|69\r\n0,1,1,0,1,1,0|69\r\n0,1,1,0,1,1,0|69\r\n0,1,1,0,1,1,0|69\r\n0,1,1,0,1,1,0|69\r\n0,1,1,0,1,1,0|69\r\n0,1,1,0,1,1,0|69\r\n0,1,1,0,1,1,0|69\r\n0,1,1,0,1,1,0|69\r\n0,1,1,0,1,1,0|69\r\n0,1,1,0,1,1,0|69\r\n0,1,1,0,1,1,0|69\r\n0,1,1,0,1,1,0|69\r\n0,1,1,0,1,1,0|69\r\n0,1,1,0,1,1,0|69\r\n0,1,1,0,1,1,0|69\r\n0,1,1,0,1,1,0|69\r\n0,1,1,0,1,1,0|69\r\n0,1,1,0,1,1,0|69\r\n0,1,1,0,1,1,0|69\r\n0,1,1,0,1,1,0|69\r\n0,1,1,0,1,1,0|69\r\n0,1,1,0,1,1,0|69\r\n0,1,1,0,1,1,0|69\r\n0,1,1,0,1,1,0|69\r\n0,1,1,0,1,1,0|69\r\n0,1,1,0,1,1,0|69\r\n0,1,1,0,1,1,0|69\r\n0,1,1,0,1,1,0|69\r\n0,1,1,0,1,1,0|69\r\n0,1,1,0,1,1,0|69\r\n0,1,1,0,1,1,0|69\r\n0,1,1,0,1,1,0|69\r\n0,1,1,0,1,1,0|69\r\n0,1,1,0,1,1,0|69\r\n0,1,1,0,1,1,0|69\r\n0,1,1,0,1,1,0|69\r\n0,1,1,0,1,1,0|69\r\n0,1,1,0,1,1,0|69\r\n0,1,1,0,1,1,0|69\r\n0,1,1,0,1,1,0|69\r\n0,1,1,0,1,1,0|69\r\n0,1,1,0,1,1,0|69\r\n0,1,1,0,1,1,0|69\r\n0,1,1,0,1,1,0|69\r\n0,1,1,0,1,1,0|69\r\n0,1,1,0,1,1,0|69\r\n0,1,1,0,1,1,0|69\r\n0,1,1,0,1,1,0|69\r\n0,1,1,0,1,1,0|69\r\n0,1,1,0,1,1,0|69\r\n0,1,1,0,1,1,0|69\r\n0,1,1,0,1,1,0|69\r\n0,1,1,0,1,1,0|69\r\n0,1,1,0,1,1,0|69\r\n0,1,1,0,1,1,0|69\r\n0,1,1,0,1,1,0|69\r\n0,1,1,0,1,1,0|69\r\n0,1,1,0,1,1,0|69\r\n0,1,1,0,1,1,0|69\r\n0,1,1,0,1,1,0|69\r\n0,1,1,0,1,1,0|69\r\n0,1,1,0,1,1,0|69\r\n0,1,1,0,1,1,0|69\r\n0,1,1,0,1,1,0|69\r\n0,1,1,0,1,1,0|69\r\n0,1,1,0,1,1,0|69\r\n0,1,1,0,1,1,0|69\r\n0,1,1,0,1,1,0|69\r\n0,1,1,0,1,1,0|69\r\n0,1,1,0,1,1,0|69\r\n0,1,1,0,1,1,0|69\r\n0,1,1,0,1,1,0|69\r\n0,1,1,0,1,1,0|69\r\n0,1,1,0,1,1,0|69\r\n0,1,1,0,1,1,0|69\r\n0,1,1,0,1,1,0|69\r\n0,1,1,0,1,1,0|69\r\n0,1,1,0,1,1,0|69\r\n0,1,1,0,1,1,0|69\r\n0,1,1,0,1,1,0|69\r\n0,1,1,0,1,1,0|69\r\n0,1,1,0,1,1,0|69\r\n0,1,1,0,1,1,0|69\r\n0,1,1,0,1,1,0|69\r\n0,1,1,0,1,1,0|69\r\n0,1,1,0,1,1,0|69\r\n0,1,1,0,1,1,0|69\r\n0,1,1,0,1,1,0|69\r\n0,1,1,0,1,1,0|69\r\n0,1,1,0,1,1,0|69\r\n0,1,1,0,1,1,0|69\r\n0,1,1,0,1,1,0|69\r\n0,1,1,0,1,1,0|69\r\n0,1,1,0,1,1,0|69\r\n0,1,1,0,1,1,0|69\r\n0,1,1,0,1,1,0|69\r\n0,1,1,0,1,1,0|69\r\n0,1,1,0,1,1,0|69\r\n0,1,1,0,1,1,0|69\r\n0,1,1,0,1,1,0|69\r\n0,1,1,0,1,1,0|69\r\n0,1,1,0,1,1,0|69\r\n0,1,1,0,1,1,0|69\r\n0,1,1,0,1,1,0|69\r\n0,1,1,0,1,1,0|69\r\n0,1,1,0,1,1,0|69\r\n0,1,1,0,1,1,0|69\r\n0,1,1,0,1,1,0|69\r\n0,1,1,0,1,1,0|69\r\n0,1,1,0,1,1,0|69\r\n0,1,1,0,1,1,0|69\r\n0,1,1,0,1,1,0|69\r\n0,1,1,0,1,1,0|69\r\n0,1,1,0,1,1,0|69\r\n0,1,1,0,1,1,0|69\r\n0,1,1,0,1,1,0|69\r\n0,1,1,0,1,1,0|69\r\n0,1,1,0,1,1,0|69\r\n0,1,1,0,1,1,0|69\r\n0,1,1,0,1,1,0|69\r\n0,1,1,0,1,1,0|69\r\n0,1,1,0,1,1,0|69\r\n0,1,1,0,1,1,0|69\r\n0,1,1,0,1,1,0|69\r\n0,1,1,0,1,1,0|69\r\n0,1,1,0,1,1,0|69\r\n0,1,1,0,1,1,0|69\r\n0,1,1,0,1,1,0|69\r\n0,1,1,0,1,1,0|69\r\n0,1,1,0,1,1,0|69\r\n0,1,1,0,1,1,0|69\r\n0,1,1,0,1,1,0|69\r\n0,1,1,0,1,1,0|69\r\n0,1,1,0,1,1,0|69\r\n0,1,1,0,1,1,0|69\r\n0,1,1,0,1,1,0|69\r\n0,1,1,0,1,1,0|69\r\n0,1,1,0,1,1,0|69\r\n0,1,1,0,1,1,0|69\r\n0,1,1,0,1,1,0|69\r\n0,1,1,0,1,1,0|69\r\n0,1,1,0,1,1,0|69\r\n0,1,1,0,1,1,0|69\r\n0,1,1,0,1,1,0|69\r\n0,1,1,0,1,1,0|69\r\n0,1,1,0,1,1,0|69\r\n0,1,1,0,1,1,0|69\r\n0,1,1,0,1,1,0|69\r\n0,1,1,0,1,1,0|69\r\n0,1,1,0,1,1,0|69\r\n0,1,1,0,1,1,0|69\r\n0,1,1,0,1,1,0|69\r\n0,1,1,0,1,1,0|69\r\n0,1,1,0,1,1,0|69\r\n0,1,1,0,1,1,0|69\r\n0,1,1,0,1,1,0|69\r\n0,1,1,0,1,1,0|69\r\n0,1,1,0,1,1,0|69\r\n0,1,1,0,1,1,0|69\r\n0,1,1,0,1,1,0|69\r\n0,1,1,0,1,1,0|69\r\n0,1,1,0,1,1,0|69\r\n0,1,1,0,1,1,0|69\r\n0,1,1,0,1,1,0|69\r\n0,1,1,0,1,1,0|69\r\n0,1,1,0,1,1,0|69\r\n0,1,1,0,1,1,0|69\r\n0,1,1,0,1,1,0|69\r\n0,1,1,0,1,1,0|69\r\n0,1,1,0,1,1,0|69\r\n0,1,1,0,1,1,0|69\r\n0,1,1,0,1,1,0|69\r\n0,1,1,0,1,1,0|69\r\n0,1,1,0,1,1,0|69\r\n0,1,1,0,1,1,0|69\r\n0,1,1,0,1,1,0|69\r\n0,1,1,0,1,1,0|69\r\n0,1,1,0,1,1,0|69\r\n0,1,1,0,1,1,0|69\r\n0,1,1,0,1,1,0|69\r\n0,1,1,0,1,1,0|69\r\n0,1,1,0,1,1,0|69\r\n0,1,1,0,1,1,0|69\r\n0,1,1,0,1,1,0|69\r\n0,1,1,0,1,1,0|69\r\n0,1,1,0,1,1,0|69\r\n0,1,1,0,1,1,0|69\r\n0,1,1,0,1,1,0|69\r\n0,1,1,0,1,1,0|69\r\n0,1,1,0,1,1,0|69\r\n0,1,1,0,1,1,0|69\r\n0,1,1,0,1,1,0|69\r\n0,1,1,0,1,1,0|69\r\n0,1,1,0,1,1,0|69\r\n0,1,1,0,1,1,0|69\r\n0,1,1,0,1,1,0|69\r\n0,1,1,0,1,1,0|69\r\n0,1,1,0,1,1,0|69\r\n0,1,1,0,1,1,0|69\r\n0,1,1,0,1,1,0|69\r\n0,1,1,0,1,1,0|69\r\n0,1,1,0,1,1,0|69\r\n0,1,1,0,1,1,0|69\r\n0,1,1,0,1,1,0|69\r\n0,1,1,0,1,1,0|69\r\n0,1,1,0,1,1,0|69\r\n0,1,1,0,1,1,0|69\r\n0,1,1,0,1,1,0|69\r\n0,1,1,0,1,1,0|69\r\n0,1,1,0,1,1,0|69\r\n0,1,1,0,1,1,0|69\r\n0,1,1,0,1,1,0|69\r\n0,1,1,0,1,1,0|69\r\n0,1,1,0,1,1,0|69\r\n0,1,1,0,1,1,0|69\r\n0,1,1,0,1,1,0|69\r\n0,1,1,0,1,1,0|69\r\n0,1,1,0,1,1,0|69\r\n0,1,1,0,1,1,0|69\r\n0,1,1,0,1,1,0|69\r\n0,1,1,0,1,1,0|69\r\n0,1,1,0,1,1,0|69\r\n0,1,1,0,1,1,0|69\r\n0,1,1,0,1,1,0|69\r\n0,1,1,0,1,1,0|69\r\n0,1,1,0,1,1,0|69\r\n0,1,1,0,1,1,0|69\r\n0,1,1,0,1,1,0|69\r\n0,1,1,0,1,1,0|69\r\n0,1,1,0,1,1,0|69\r\n0,1,1,0,1,1,0|69\r\n0,1,1,0,1,1,0|69\r\n0,1,1,0,1,1,0|69\r\n0,1,1,0,1,1,0|69\r\n0,1,1,0,1,1,0|69\r\n0,1,1,0,1,1,0|69\r\n0,1,1,0,1,1,0|69\r\n0,1,1,0,1,1,0|69\r\n0,1,1,0,1,1,0|69\r\n0,1,1,0,1,1,0|69\r\n0,1,1,0,1,1,0|69\r\n0,1,1,0,1,1,0|69\r\n0,1,1,0,1,1,0|69\r\n0,1,1,0,1,1,0|69\r\n0,1,1,0,1,1,0|69\r\n0,1,1,0,1,1,0|69\r\n0,1,1,0,1,1,0|69\r\n0,1,1,0,1,1,0|69\r\n0,1,1,0,1,1,0|69\r\n0,1,1,0,1,1,0|69\r\n0,1,1,0,1,1,0|69\r\n0,1,1,0,1,1,0|69\r\n0,1,1,0,1,1,0|69\r\n0,1,1,0,1,1,0|69\r\n0,1,1,0,1,1,0|69\r\n0,1,1,0,1,1,0|69\r\n0,1,1,0,1,1,0|69\r\n0,1,1,0,1,1,0|69\r\n0,1,1,0,1,1,0|69\r\n0,1,1,0,1,1,0|69\r\n0,1,1,0,1,1,0|69\r\n0,1,1,0,1,1,0|69\r\n0,1,1,0,1,1,0|69\r\n0,1,1,0,1,1,0|69\r\n0,1,1,0,1,1,0|69\r\n0,1,1,0,1,1,0|69\r\n0,1,1,0,1,1,0|69\r\n0,1,1,0,1,1,0|69\r\n0,1,1,0,1,1,0|69\r\n0,1,1,0,1,1,0|69\r\n0,1,1,0,1,1,0|69\r\n0,1,1,0,1,1,0|69\r\n0,1,1,0,1,1,0|69\r\n0,1,1,0,1,1,0|69\r\n0,1,1,0,1,1,0|69\r\n0,1,1,0,1,1,0|69\r\n0,1,1,0,1,1,0|69\r\n0,1,1,0,1,1,0|69\r\n0,1,1,0,1,1,0|69\r\n0,1,1,0,1,1,0|69\r\n0,1,1,0,1,1,0|69\r\n0,1,1,0,1,1,0|69\r\n0,1,1,0,1,1,0|69\r\n0,1,1,0,1,1,0|69\r\n0,1,1,0,1,1,0|69\r\n0,1,1,0,1,1,0|69\r\n0,1,1,0,1,1,0|69\r\n0,1,1,0,1,1,0|69\r\n0,1,1,0,1,1,0|69\r\n0,1,1,0,1,1,0|69\r\n0,1,1,0,1,1,0|69\r\n0,1,1,0,1,1,0|69\r\n0,1,1,0,1,1,0|69\r\n0,1,1,0,1,1,0|69\r\n0,1,1,0,1,1,0|69\r\n0,1,1,0,1,1,0|69\r\n0,1,1,0,1,1,0|69\r\n0,1,1,0,1,1,0|69\r\n0,1,1,0,1,1,0|69\r\n0,1,1,0,1,1,0|69\r\n0,1,1,0,1,1,0|69\r\n0,1,1,0,1,1,0|69\r\n0,1,1,0,1,1,0|69\r\n0,1,1,0,1,1,0|69\r\n0,1,1,0,1,1,0|69\r\n0,1,1,0,1,1,0|69\r\n0,1,1,0,1,1,0|69\r\n0,1,1,0,1,1,0|69\r\n0,1,1,0,1,1,0|69\r\n0,1,1,0,1,1,0|69\r\n0,1,1,0,1,1,0|69\r\n0,1,1,0,1,1,0|69\r\n0,1,1,0,1,1,0|69\r\n0,1,1,0,1,1,0|69\r\n0,1,1,0,1,1,0|69\r\n0,1,1,0,1,1,0|69\r\n0,1,1,0,1,1,0|69\r\n0,1,1,0,1,1,0|69\r\n0,1,1,0,1,1,0|69\r\n0,1,1,0,1,1,0|69\r\n0,1,1,0,1,1,0|69\r\n0,1,1,0,1,1,0|69\r\n0,1,1,0,1,1,0|69\r\n0,1,1,0,1,1,0|69\r\n0,1,1,0,1,1,0|69\r\n0,1,1,0,1,1,0|69\r\n0,1,1,0,1,1,0|69\r\n0,1,1,0,1,1,0|69\r\n0,1,1,0,1,1,0|69\r\n0,1,1,0,1,1,0|69\r\n0,1,1,0,1,1,0|69\r\n0,1,1,0,1,1,0|69\r\n0,1,1,0,1,1,0|69\r\n0,1,1,0,1,1,0|69\r\n0,1,1,0,1,1,0|69\r\n0,1,1,0,1,1,0|69\r\n0,1,1,0,1,1,0|69\r\n0,1,1,0,1,1,0|69\r\n0,1,1,0,1,1,0|69\r\n0,1,1,0,1,1,0|69\r\n0,1,1,0,1,1,0|69\r\n0,1,1,0,1,1,0|69\r\n0,1,1,0,1,1,0|69\r\n0,1,1,0,1,1,0|69\r\n0,1,1,0,1,1,0|69\r\n0,1,1,0,1,1,0|69\r\n0,1,1,0,1,1,0|69\r\n0,1,1,0,1,1,0|69\r\n0,1,1,0,1,1,0|69\r\n0,1,1,0,1,1,0|69\r\n0,1,1,0,1,1,0|69\r\n0,1,1,0,1,1,0|69\r\n0,1,1,0,1,1,0|69\r\n0,1,1,0,1,1,0|69\r\n0,1,1,0,1,1,0|69\r\n0,1,1,0,1,1,0|69\r\n0,1,1,0,1,1,0|69\r\n0,1,1,0,1,1,0|69\r\n0,1,1,0,1,1,0|69\r\n0,1,1,0,1,1,0|69\r\n0,1,1,0,1,1,0|69\r\n0,1,1,0,1,1,0|69\r\n0,1,1,0,1,1,0|69\r\n0,1,1,0,1,1,0|69\r\n0,1,1,0,1,1,0|69\r\n0,1,1,0,1,1,0|69\r\n0,1,1,0,1,1,0|69\r\n0,1,1,0,1,1,0|69\r\n0,1,1,0,1,1,0|69\r\n0,1,1,0,1,1,0|69\r\n0,1,1,0,1,1,0|69\r\n0,1,1,0,1,1,0|69\r\n0,1,1,0,1,1,0|69\r\n0,1,1,0,1,1,0|69\r\n0,1,1,0,1,1,0|69\r\n0,1,1,0,1,1,0|69\r\n0,1,1,0,1,1,0|69\r\n0,1,1,0,1,1,0|69\r\n0,1,1,0,1,1,0|69\r\n0,1,1,0,1,1,0|69\r\n0,1,1,0,1,1,0|69\r\n0,1,1,0,1,1,0|69\r\n0,1,1,0,1,1,0|69\r\n0,1,1,0,1,1,0|69\r\n0,1,1,0,1,1,0|69\r\n0,1,1,0,1,1,0|69\r\n0,1,1,0,1,1,0|69\r\n0,1,1,0,1,1,0|69\r\n0,1,1,0,1,1,0|69\r\n0,1,1,0,1,1,0|69\r\n0,1,1,0,1,1,0|69\r\n0,1,1,0,1,1,0|69\r\n0,1,1,0,1,1,0|69\r\n0,1,1,0,1,1,0|69\r\n0,1,1,0,1,1,0|69\r\n0,1,1,0,1,1,0|69\r\n0,1,1,0,1,1,0|69\r\n0,1,1,0,1,1,0|69\r\n0,1,1,0,1,1,0|69\r\n0,1,1,0,1,1,0|69\r\n0,1,1,0,1,1,0|69\r\n0,1,1,0,1,1,0|69\r\n0,1,1,0,1,1,0|69\r\n0,1,1,0,1,1,0|69\r\n0,1,1,0,1,1,0|69\r\n0,1,1,0,1,1,0|69\r\n0,1,1,0,1,1,0|69\r\n0,1,1,0,1,1,0|69\r\n0,1,1,0,1,1,0|69\r\n0,1,1,0,1,1,0|69\r\n0,1,1,0,1,1,0|69\r\n0,1,1,0,1,1,0|69\r\n0,1,1,0,1,1,0|69\r\n0,1,1,0,1,1,0|69\r\n0,1,1,0,1,1,0|69\r\n0,1,1,0,1,1,0|69\r\n0,1,1,0,1,1,0|69\r\n0,1,1,0,1,1,0|69\r\n0,1,1,0,1,1,0|69\r\n0,1,1,0,1,1,0|69\r\n0,1,1,0,1,1,0|69\r\n0,1,1,0,1,1,0|69\r\n0,1,1,0,1,1,0|69\r\n0,1,1,0,1,1,0|69\r\n0,1,1,0,1,1,0|69\r\n0,1,1,0,1,1,0|69\r\n0,1,1,0,1,1,0|69\r\n0,1,1,0,1,1,0|69\r\n0,1,1,0,1,1,0|69\r\n0,1,1,0,1,1,0|69\r\n0,1,1,0,1,1,0|69\r\n0,1,1,0,1,1,0|69\r\n0,1,1,0,1,1,0|69\r\n0,1,1,0,1,1,0|69\r\n0,1,1,0,1,1,0|69\r\n0,1,1,0,1,1,0|69\r\n0,1,1,0,1,1,0|69\r\n0,1,1,0,1,1,0|69\r\n0,1,1,0,1,1,0|69\r\n0,1,1,0,1,1,0|69\r\n0,1,1,0,1,1,0|69\r\n0,1,1,0,1,1,0|69\r\n0,1,1,0,1,1,0|69\r\n0,1,1,0,1,1,0|69\r\n0,1,1,0,1,1,0|69\r\n0,1,1,0,1,1,0|69\r\n0,1,1,0,1,1,0|69\r\n0,1,1,0,1,1,0|69\r\n0,1,1,0,1,1,0|69\r\n0,1,1,0,1,1,0|69\r\n0,1,1,0,1,1,0|69\r\n0,1,1,0,1,1,0|69\r\n0,1,1,0,1,1,0|69\r\n0,1,1,0,1,1,0|69\r\n0,1,1,0,1,1,0|69\r\n0,1,1,0,1,1,0|69\r\n0,1,1,0,1,1,0|69\r\n0,1,1,0,1,1,0|69\r\n0,1,1,0,1,1,0|69\r\n0,1,1,0,1,1,0|69\r\n0,1,1,0,1,1,0|69\r\n0,1,1,0,1,1,0|69\r\n0,1,1,0,1,1,0|69\r\n0,1,1,0,1,1,0|69\r\n0,1,1,0,1,1,0|69\r\n0,1,1,0,1,1,0|69\r\n0,1,1,0,1,1,0|69\r\n0,1,1,0,1,1,0|69\r\n0,1,1,0,1,1,0|69\r\n0,1,1,0,1,1,0|69\r\n0,1,1,0,1,1,0|69\r\n0,1,1,0,1,1,0|69\r\n0,1,1,0,1,1,0|69\r\n0,1,1,0,1,1,0|69\r\n0,1,1,0,1,1,0|69\r\n0,1,1,0,1,1,0|69\r\n0,1,1,0,1,1,0|69\r\n0,1,1,0,1,1,0|69\r\n0,1,1,0,1,1,0|69\r\n0,1,1,0,1,1,0|69\r\n0,1,1,0,1,1,0|69\r\n0,1,1,0,1,1,0|69\r\n0,1,1,0,1,1,0|69\r\n0,1,1,0,1,1,0|69\r\n0,1,1,0,1,1,0|69\r\n0,1,1,0,1,1,0|69\r\n0,1,1,0,1,1,0|69\r\n0,1,1,0,1,1,0|69\r\n0,1,1,0,1,1,0|69\r\n0,1,1,0,1,1,0|69\r\n0,1,1,0,1,1,0|69\r\n0,1,1,0,1,1,0|69\r\n0,1,1,0,1,1,0|69\r\n0,1,1,0,1,1,0|69\r\n0,1,1,0,1,1,0|69\r\n0,1,1,0,1,1,0|69\r\n0,1,1,0,1,1,0|69\r\n0,1,1,0,1,1,0|69\r\n0,1,1,0,1,1,0|69\r\n0,1,1,0,1,1,0|69\r\n0,1,1,0,1,1,0|69\r\n0,1,1,0,1,1,0|69\r\n0,1,1,0,1,1,0|69\r\n0,1,1,0,1,1,0|69\r\n0,1,1,0,1,1,0|69\r\n0,1,1,0,1,1,0|69\r\n0,1,1,0,1,1,0|69\r\n0,1,1,0,1,1,0|69\r\n0,1,1,0,1,1,0|69\r\n0,1,1,0,1,1,0|69\r\n0,1,1,0,1,1,0|69\r\n0,1,1,0,1,1,0|69\r\n0,1,1,0,1,1,0|69\r\n0,1,1,0,1,1,0|69\r\n0,1,1,0,1,1,0|69\r\n0,1,1,0,1,1,0|69\r\n0,1,1,0,1,1,0|69\r\n0,1,1,0,1,1,0|69\r\n0,1,1,0,1,1,0|69\r\n0,1,1,0,1,1,0|69\r\n0,1,1,0,1,1,0|69\r\n0,1,1,0,1,1,0|69\r\n0,1,1,0,1,1,0|69\r\n0,1,1,0,1,1,0|69\r\n0,1,1,0,1,1,0|69\r\n0,1,1,0,1,1,0|69\r\n0,1,1,0,1,1,0|69\r\n0,1,1,0,1,1,0|69\r\n0,1,1,0,1,1,0|69\r\n0,1,1,0,1,1,0|69\r\n0,1,1,0,1,1,0|69\r\n0,1,1,0,1,1,0|69\r\n0,1,1,0,1,1,0|69\r\n0,1,1,0,1,1,0|69\r\n0,1,1,0,1,1,0|69\r\n0,1,1,0,1,1,0|69\r\n0,1,1,0,1,1,0|69\r\n0,1,1,0,1,1,0|69\r\n0,1,1,0,1,1,0|69\r\n0,1,1,0,1,1,0|69\r\n0,1,1,0,1,1,0|69\r\n0,1,1,0,1,1,0|69\r\n0,1,1,0,1,1,0|69\r\n0,1,1,0,1,1,0|69\r\n0,1,1,0,1,1,0|69\r\n0,1,1,0,1,1,0|69\r\n0,1,1,0,1,1,0|69\r\n0,1,1,0,1,1,0|69\r\n0,1,1,0,1,1,0|69\r\n0,1,1,0,1,1,0|69\r\n0,1,1,0,1,1,0|69\r\n0,1,1,0,1,1,0|69\r\n0,1,1,0,1,1,0|69\r\n0,1,1,0,1,1,0|69\r\n0,1,1,0,1,1,0|69\r\n0,1,1,0,1,1,0|69\r\n0,1,1,0,1,1,0|69\r\n0,1,1,0,1,1,0|69\r\n0,1,1,0,1,1,0|69\r\n0,1,1,0,1,1,0|69\r\n0,1,1,0,1,1,0|69\r\n0,1,1,0,1,1,0|69\r\n0,1,1,0,1,1,0|69\r\n0,1,1,0,1,1,0|69\r\n0,1,1,0,1,1,0|69\r\n0,1,1,0,1,1,0|69\r\n0,1,1,0,1,1,0|69\r\n0,1,1,0,1,1,0|69\r\n0,1,1,0,1,1,0|69\r\n0,1,1,0,1,1,0|69\r\n0,1,1,0,1,1,0|69\r\n0,1,1,0,1,1,0|69\r\n0,1,1,0,1,1,0|69\r\n0,1,1,0,1,1,0|69\r\n0,1,1,0,1,1,0|69\r\n0,1,1,0,1,1,0|69\r\n0,1,1,0,1,1,0|69\r\n0,1,1,0,1,1,0|69\r\n0,1,1,0,1,1,0|69\r\n0,1,1,0,1,1,0|69\r\n0,1,1,0,1,1,0|69\r\n0,1,1,0,1,1,0|69\r\n0,1,1,0,1,1,0|69\r\n0,1,1,0,1,1,0|69\r\n0,1,1,0,1,1,0|69\r\n0,1,1,0,1,1,0|69\r\n0,1,1,0,1,1,0|69\r\n0,1,1,0,1,1,0|69\r\n0,1,1,0,1,1,0|69\r\n0,1,1,0,1,1,0|69\r\n0,1,1,0,1,1,0|69\r\n0,1,1,0,1,1,0|69\r\n0,1,1,0,1,1,0|69\r\n0,1,1,0,1,1,0|69\r\n0,1,1,0,1,1,0|69\r\n0,1,1,0,1,1,0|69\r\n0,1,1,0,1,1,0|69\r\n0,1,1,0,1,1,0|69\r\n0,1,1,0,1,1,0|69\r\n0,1,1,0,1,1,0|69\r\n0,1,1,0,1,1,0|69\r\n0,1,1,0,1,1,0|69\r\n0,1,1,0,1,1,0|69\r\n0,1,1,0,1,1,0|69\r\n0,1,1,0,1,1,0|69\r\n0,1,1,0,1,1
,0|69\r\n0,1,1,0,1,1,0|69\r\n0,1,1,0,1,1,0|69\r\n0,1,1,0,1,1,0|69\r\n0,1,1,0,1,1,0|69\r\n0,1,1,0,1,1,0|69\r\n0,1,1,0,1,1,0|69\r\n0,1,1,0,1,1,0|69\r\n0,1,1,0,1,1,0|69\r\n0,1,1,0,1,1,0|69\r\n0,1,1,0,1,1,0|69\r\n0,1,1,0,1,1,0|69\r\n0,1,1,0,1,1,0|69\r\n0,1,1,0,1,1,0|69\r\n0,1,1,0,1,1,0|69\r\n0,1,1,0,1,1,0|69\r\n0,1,1,0,1,1,0|69\r\n0,1,1,0,1,1,0|69\r\n0,1,1,0,1,1,0|69\r\n0,1,1,0,1,1,0|69\r\n0,1,1,0,1,1,0|69\r\n0,1,1,0,1,1,0|69\r\n0,1,1,0,1,1,0|69\r\n0,1,1,0,1,1,0|69\r\n0,1,1,0,1,1,0|69\r\n0,1,1,0,1,1,0|69\r\n0,1,1,0,1,1,0|69\r\n0,1,1,0,1,1,0|69\r\n0,1,1,0,1,1,0|69\r\n0,1,1,0,1,1,0|69\r\n0,1,1,0,1,1,0|69\r\n0,1,1,0,1,1,0|69\r\n0,1,1,0,1,1,0|69\r\n0,1,1,0,1,1,0|69\r\n0,1,1,0,1,1,0|69\r\n0,1,1,0,1,1,0|69\r\n0,1,1,0,1,1,0|69\r\n0,1,1,0,1,1,0|69\r\n0,1,1,0,1,1,0|69\r\n0,1,1,0,1,1,0|69\r\n0,1,1,0,1,1,0|69\r\n0,1,1,0,1,1,0|69\r\n0,1,1,0,1,1,0|69\r\n0,1,1,0,1,1,0|69\r\n0,1,1,0,1,1,0|69\r\n0,1,1,0,1,1,0|69\r\n0,1,1,0,1,1,0|69\r\n0,1,1,0,1,1,0|69\r\n0,1,1,0,1,1,0|69\r\n0,1,1,0,1,1,0|69\r\n0,1,1,0,1,1,0|69\r\n0,1,1,0,1,1,0|69\r\n0,1,1,0,1,1,0|69\r\n0,1,1,0,1,1,0|69\r\n0,1,1,0,1,1,0|69\r\n0,1,1,0,1,1,0|69\r\n0,1,1,0,1,1,0|69\r\n0,1,1,0,1,1,0|69\r\n0,1,1,0,1,1,0|69\r\n0,1,1,0,1,1,0|69\r\n0,1,1,0,1,1,0|69\r\n0,1,1,0,1,1,0|69\r\n0,1,1,0,1,1,0|69\r\n0,1,1,0,1,1,0|69\r\n0,1,1,0,1,1,0|69\r\n0,1,1,0,1,1,0|69\r\n0,1,1,0,1,1,0|69\r\n0,1,1,0,1,1,0|69\r\n0,1,1,0,1,1,0|69\r\n0,1,1,0,1,1,0|69\r\n0,1,1,0,1,1,0|69\r\n0,1,1,0,1,1,0|69\r\n0,1,1,0,1,1,0|69\r\n0,1,1,0,1,1,0|69\r\n0,1,1,0,1,1,0|69\r\n0,1,1,0,1,1,0|69\r\n0,1,1,0,1,1,0|69\r\n0,1,1,0,1,1,0|69\r\n0,1,1,0,1,1,0|69\r\n0,1,1,0,1,1,0|69\r\n0,1,1,0,1,1,0|69\r\n0,1,1,0,1,1,0|69\r\n0,1,1,0,1,1,0|69\r\n0,1,1,0,1,1,0|69\r\n0,1,1,0,1,1,0|69\r\n0,1,1,0,1,1,0|69\r\n0,1,1,0,1,1,0|69\r\n0,1,1,0,1,1,0|69\r\n0,1,1,0,1,1,0|69\r\n0,1,1,0,1,1,0|69\r\n0,1,1,0,1,1,0|69\r\n0,1,1,0,1,1,0|69\r\n0,1,1,0,1,1,0|69\r\n0,1,1,0,1,1,0|69\r\n0,1,1,0,1,1,0|69\r\n0,1,1,0,1,1,0|69\r\n0,1,1,0,1,1,0|69\r\n0,1,1,0,1,1,0|69\r\n0,1,1,0,1,1,0|69\r\n0,1,1,0,1,1,0|69\r\n0,1,1,0,1,1,0|69\r\n0,1,1,0,1,1,0|69\r\n0,1,1,0,1,1,0|69\r\n0,1,1,0,1,1,0|69\r\n0,1,1,0,1,1,0|69\r\n0,1,1,0,1,1,0|69\r\n0,1,1,0,1,1,0|69\r\n0,1,1,0,1,1,0|69\r\n0,1,1,0,1,1,0|69\r\n0,1,1,0,1,1,0|69\r\n0,1,1,0,1,1,0|69\r\n0,1,1,0,1,1,0|69\r\n0,1,1,0,1,1,0|69\r\n0,1,1,0,1,1,0|69\r\n0,1,1,0,1,1,0|69\r\n0,1,1,0,1,1,0|69\r\n0,1,1,0,1,1,0|69\r\n0,1,1,0,1,1,0|69\r\n0,1,1,0,1,1,0|69\r\n0,1,1,0,1,1,0|69\r\n0,1,1,0,1,1,0|69\r\n0,1,1,0,1,1,0|69\r\n0,1,1,0,1,1,0|69\r\n0,1,1,0,1,1,0|69\r\n0,1,1,0,1,1,0|69\r\n0,1,1,0,1,1,0|69\r\n0,1,1,0,1,1,0|69\r\n0,1,1,0,1,1,0|69\r\n0,1,1,0,1,1,0|69\r\n0,1,1,0,1,1,0|69\r\n0,1,1,0,1,1,0|69\r\n0,1,1,0,1,1,0|69\r\n0,1,1,0,1,1,0|69\r\n0,1,1,0,1,1,0|69\r\n0,1,1,0,1,1,0|69\r\n0,1,1,0,1,1,0|69\r\n0,1,1,0,1,1,0|69\r\n0,1,1,0,1,1,0|69\r\n0,1,1,0,1,1,0|69\r\n0,1,1,0,1,1,0|69\r\n0,1,1,0,1,1,0|69\r\n0,1,1,0,1,1,0|69\r\n0,1,1,0,1,1,0|69\r\n0,1,1,0,1,1,0|69\r\n0,1,1,0,1,1,0|69\r\n0,1,1,0,1,1,0|69\r\n0,1,1,0,1,1,0|69\r\n0,1,1,0,1,1,0|69\r\n0,1,1,0,1,1,0|69\r\n0,1,1,0,1,1,0|69\r\n0,1,1,0,1,1,0|69\r\n0,1,1,0,1,1,0|69\r\n0,1,1,0,1,1,0|69\r\n0,1,1,0,1,1,0|69\r\n0,1,1,0,1,1,0|69\r\n0,1,1,0,1,1,0|69\r\n0,1,1,0,1,1,0|69\r\n0,1,1,0,1,1,0|69\r\n0,1,1,0,1,1,0|69\r\n0,1,1,0,1,1,0|69\r\n0,1,1,0,1,1,0|69\r\n0,1,1,0,1,1,0|69\r\n0,1,1,0,1,1,0|69\r\n0,1,1,0,1,1,0|69\r\n0,1,1,0,1,1,0|69\r\n0,1,1,0,1,1,0|69\r\n0,1,1,0,1,1,0|69\r\n0,1,1,0,1,1,0|69\r\n0,1,1,0,1,1,0|69\r\n0,1,1,0,1,1,0|69\r\n0,1,1,0,1,1,0|69\r\n0,1,1,0,1,1,0|69\r\n0,1,1,0,1,1,0|69\r\n0,1,1,0,1,1,0|69\r\n0,1,1,0,1,1,0|69\r\n0,1,1,0,1,1,0|69\r\n0,1,1,0,1,1,0|69\r\n0,1,1,0,1,1,0|69\r\n0,1,1,0,1,1,0|69\r\n0,1,1,0,1,1,0|69\r\n0,1,1,0,1,1,0|69\r\n0,1,1,0,1,1,0|69\r\n0,1,1,0,1,1,0|69\r\n0,1,1,0,1,1,0|69\r\n0,1,1,0,1,1,0|69\r\n0,1"


ovo Ä‡e koristiti jako mnogo resursa, trebalo bi da uvedem neki dilej u arduinu, ali ne znam kako Ä‡e uticati na moj "ruÄni" dilej - ne laguje

dilej koristi milis , znaci milis nikad ne prestaje da broji - koristi samo rucni dilej svuda

cudni karakteri su na pocetku, Å¡ta oni znaÄe? zaÅ¡to se ne pojavljuju kad postoji delay 2s? kako preÄ‡i preko toga? smanjeni baudrate pomaÅ¾e? (ne, br treba da je sto brzi) - gotovo

GRESKA: 1 umesto 100 za potenciometar, zasto?? - gotovo

ako uredjaj nije prikljucen, ne moze se izaci iz error prozora dokle god se ne poveze uredjaj!! gotovo

pre je bilo da metodu za citanje ulaza stalno ponavlja, sad ce ona biti u novom tredu - ne

pre: detect_press = u petlji proverava da li je neko dugme pritisnuto i odasilje signal button_pressed(i) i=redni broj pritisnutog tastera
taj signal je povezan sa slotom do_on_press i dugme_pritisnuto
ove tredove je mozda trebalo praviti da budu polja? istrazi
movetoThread ne radi ako ima roditelja (u mom kodu ima!!) - popravi to!! - pisem skroz novi

dokumentacija : gui mora da se prikazuje u main thread-u.
AKO DVE NITI IMAJU POKAZIVAC NA ISTI OBJEKAT POTREBNA PAZNJA
ako se salju pokazivaci, ne smeju dva razlicita threada da pristupaju istim objektima

ako nije povezan, namesti da se ne moze izaci iz prozora dok se ne poveze - gotovo

promeni otpornike, rgb je mnogo svetla - gotovo

implementuj upitnik (whats this) funkcionalnost - nema ga vise

sad ce biti da moze da se promeni boja svake K - gotovo, samo ponoviti isto
10k,1k,330,220 - otpornici koje imam



svi stringovi za lokaciju u makro - gotovo


ako se iznenada diskonekuje prikazi isti prozor kao i na pocetku - gotovo

proveri da li su sve dinamicke prom obrisane! npr Timer* .. - gotovo

QColorDialog za menjanje boja konzervi (i RGB led) - gotovo

dodaj podesavanja za delay za svaku posebno, da je u kontaktu sa onim poljem za sve zajedno - gotovo

umesto spin box-a slajder - ipak ne

 pomracene izabrane boje umesto skroz crne (kao sa led) - done

odvoj write rgb od changecancolor - done

mogu se birati samo jarke boje - daj do znanja korisniku

popravi kad rgb svetli

da dioda moze da sija sve dok je pritisnto

dodaj kasnije on off za sve led i za sve ulaze

kada kliknem na limenku svetli i svira

dodaj dugme da li da sija dok se menjaju pod. led

u funciju strpaj i za biranje boje (ono sto sam kopirao pre)

menjanje boje slike diode u funciju

prekopiraj funcionalnosti sa prve led na sve, i za konzerve isto - funkc!

device currently in use napravi da se zatvara kada je upis uspesan (kao pre)

rgb led slika se boji kada i dioda (na pritisak konzerve)

dugme za vracanje konzervi u defoltni polozaj - boje duge

menjanje difoltnih boja (kad nisu upaljene) ovako kako sam sada, uz dalje opcije npr crna, crvena, transparenta, bela

/////////QDoc za dokumentaciju - na kraju
////////dugmad i pozadina da budu druge boje - na kraju
/////dodaj zvukove i boje svemu - na kraju






